83995,
83994,
83993,
83992,
83991,
83990,
83989,
83988,
83985,
83984,
83983,
83982,
83981,
83980,
83978,
83977,
83976,
83973,
83972,
83971,
83968,
83967,
83966,
83964,
83963,
83962,
83961,
83960,
83959,
83958,
83957,
83956,
83955,
83953,
83949,
83948,
83947,
83946,
83945,
83944,
83943,
83940,
83939,
83938,
83937,
83935,
83934,
83933,
83932,
83930,
83929,
83927,
83926,
83922,
83921,
83919,
83918,
83917,
83916,
83915,
83914,
83913,
83912,
83911,
83909,
83905,
83904,
83901,
83900,
83899,
83896,
83894,
83893,
83892,
83891,
83890,
83889,
83884,
83883,
83881,
83880,
83879,
83878,
83877,
83876,
83875,
83872,
83871,
83870,
83869,
83868,
83867,
83866,
83861,
83860,
83859,
83858,
83857,
83856,
83855,
83852,
83851,
83850,
83849,
83848,
83847,
83844,
83843,
83842,
83841,
83840,
83839,
83838,
83837,
83836,
83835,
83834,
83833,
83832,
83831,
83830,
83829,
83828,
83827,
83826,
83824,
83823,
83821,
83820,
83819,
83818,
83817,
83816,
83815,
83814,
83813,
83812,
83811,
83810,
83809,
83808,
83807,
83806,
83805,
83804,
83803,
83802,
83801,
83800,
83799,
83798,
83797,
83794,
83793,
83792,
83791,
83790,
83788,
83787,
83786,
83784,
83783,
83782,
83781,
83780,
83779,
83778,
83777,
83776,
83775,
83774,
83773,
83772,
83768,
83765,
83764,
83759,
83750,
83749,
83748,
83747,
83746,
83745,
83744,
83742,
83740,
83738,
83737,
83735,
83734,
83731,
83730,
83729,
83728,
83727,
83726,
83725,
83723,
83721,
83720,
83719,
83715,
83714,
83713,
83710,
83709,
83708,
83707,
83706,
83705,
83704,
83702,
83701,
83699,
83695,
83692,
83691,
83690,
83689,
83686,
83685,
83684,
83683,
83682,
83681,
83680,
83679,
83678,
83677,
83676,
83672,
83671,
83669,
83668,
83667,
83666,
83665,
83664,
83663,
83662,
83661,
83660,
83658,
83657,
83656,
83655,
83654,
83653,
83652,
83651,
83650,
83649,
83648,
83647,
83645,
83642,
83641,
83640,
83639,
83638,
83636,
83635,
83634,
83633,
83632,
83631,
83630,
83629,
83628,
83620,
83605,
83604,
83603,
83600,
83596,
83595,
83594,
83593,
83592,
83590,
83588,
83587,
83584,
83583,
83582,
83581,
83580,
83579,
83578,
83577,
83576,
83575,
83574,
83572,
83571,
83570,
83569,
83567,
83566,
83565,
83564,
83563,
83562,
83561,
83560,
83559,
83558,
83557,
83556,
83555,
83554,
83553,
83552,
83551,
83550,
83542,
83541,
83540,
83539,
83538,
83537,
83536,
83535,
83534,
83531,
83530,
83529,
83527,
83526,
83525,
83524,
83522,
83521,
83520,
83519,
83518,
83517,
83513,
83512,
83511,
83510,
83509,
83508,
83507,
83506,
83505,
83504,
83503,
83502,
83501,
83500,
83498,
83497,
83496,
83495,
83494,
83493,
83487,
83486,
83485,
83484,
83483,
83482,
83481,
83480,
83479,
83478,
83477,
83471,
83470,
83469,
83468,
83467,
83466,
83465,
83463,
83462,
83460,
83459,
83458,
83452,
83451,
83450,
83449,
83448,
83444,
83441,
83440,
83439,
83438,
83437,
83436,
83435,
83434,
83433,
83432,
83431,
83429,
83428,
83427,
83426,
83425,
83421,
83418,
83416,
83414,
83413,
83412,
83411,
83410,
83409,
83408,
83407,
83406,
83405,
83401,
83400,
83399,
83398,
83397,
83396,
83395,
83394,
83393,
83390,
83386,
83384,
83382,
83381,
83379,
83377,
83376,
83375,
83374,
83373,
83370,
83369,
83368,
83367,
83366,
83365,
83364,
83363,
83362,
83361,
83359,
83358,
83357,
83356,
83355,
83353,
83350,
83347,
83346,
83345,
83338,
83335,
83334,
83333,
83332,
83331,
83324,
83323,
83322,
83321,
83320,
83319,
83318,
83317,
83316,
83315,
83314,
83313,
83312,
83311,
83310,
83307,
83306,
83305,
83304,
83303,
83301,
83300,
83299,
83297,
83291,
83289,
83287,
83284,
83283,
83282,
83281,
83272,
83271,
83270,
83269,
83268,
83267,
83264,
83263,
83261,
83260,
83259,
83258,
83257,
83255,
83254,
83253,
83252,
83251,
83250,
83249,
83246,
83236,
83235,
83234,
83231,
83219,
83218,
83217,
83216,
83214,
83210,
83207,
83205,
83204,
83203,
83202,
83201,
83198,
83197,
83195,
83193,
83192,
83191,
83190,
83189,
83188,
83187,
83186,
83185,
83184,
83183,
83182,
83180,
83176,
83175,
83174,
83173,
83172,
83170,
83168,
83167,
83165,
83164,
83161,
83159,
83158,
83157,
83156,
83155,
83154,
83153,
83152,
83151,
83150,
83149,
83142,
83140,
83139,
83138,
83137,
83136,
83135,
83134,
83133,
83132,
83131,
83130,
83126,
83124,
83122,
83121,
83120,
83119,
83118,
83117,
83116,
83115,
83114,
83113,
83112,
83111,
83110,
83109,
83108,
83107,
83106,
83105,
83104,
83103,
83100,
83098,
83097,
83096,
83094,
83093,
83092,
83089,
83084,
83082,
83081,
83080,
83079,
83078,
83077,
83076,
83075,
83074,
83073,
83072,
83071,
83070,
83069,
83068,
83067,
83066,
83065,
83063,
83062,
83061,
83060,
83059,
83058,
83057,
83055,
83054,
83053,
83052,
83051,
83049,
83046,
83044,
83043,
83042,
83041,
83040,
83039,
83038,
83037,
83035,
83034,
83033,
83032,
83031,
83030,
83029,
83026,
83025,
83022,
83019,
83018,
83016,
83014,
83013,
83012,
83010,
83009,
83008,
83002,
83000,
82999,
82998,
82997,
82996,
82995,
82994,
82993,
82992,
82991,
82990,
82989,
82988,
82985,
82980,
82979,
82978,
82977,
82961,
82960,
82959,
82958,
82955,
82954,
82953,
82947,
82943,
82940,
82939,
82937,
82914,
82913,
82912,
82911,
82910,
82909,
82907,
82904,
82903,
82902,
82901,
82900,
82899,
82898,
82897,
82896,
82895,
82893,
82892,
82891,
82889,
82888,
82886,
82885,
82884,
82883,
82881,
82878,
82877,
82876,
82875,
82874,
82873,
82870,
82868,
82867,
82866,
82865,
82864,
82863,
82862,
82861,
82860,
82859,
82858,
82857,
82856,
82855,
82854,
82853,
82850,
82847,
82846,
82844,
82843,
82841,
82840,
82839,
82838,
82837,
82836,
82835,
82834,
82833,
82832,
82831,
82830,
82829,
82828,
82827,
82825,
82824,
82823,
82822,
82821,
82820,
82819,
82816,
82815,
82814,
82812,
82811,
82809,
82808,
82805,
82804,
82803,
82798,
82797,
82796,
82795,
82794,
82793,
82792,
82791,
82790,
82786,
82785,
82784,
82782,
82780,
82779,
82778,
82777,
82776,
82774,
82771,
82770,
82769,
82768,
82766,
82764,
82763,
82762,
82761,
82758,
82757,
82756,
82755,
82754,
82753,
82752,
82751,
82750,
82749,
82747,
82746,
82745,
82744,
82741,
82739,
82738,
82737,
82731,
82729,
82728,
82727,
82725,
82719,
82718,
82717,
82716,
82715,
82713,
82712,
82710,
82709,
82708,
82707,
82706,
82705,
82704,
82703,
82702,
82701,
82700,
82699,
82698,
82697,
82696,
82695,
82694,
82693,
82692,
82691,
82690,
82689,
82688,
82687,
82685,
82684,
82683,
82681,
82680,
82675,
82672,
82671,
82670,
82669,
82667,
82666,
82665,
82664,
82663,
82662,
82661,
82660,
82659,
82658,
82657,
82656,
82655,
82654,
82652,
82651,
82650,
82648,
82645,
82644,
82643,
82642,
82641,
82640,
82639,
82638,
82637,
82634,
82633,
82631,
82629,
82627,
82626,
82625,
82624,
82622,
82621,
82620,
82619,
82616,
82615,
82614,
82613,
82612,
82611,
82610,
82609,
82607,
82606,
82604,
82603,
82602,
82601,
82600,
82599,
82598,
82596,
82595,
82594,
82593,
82592,
82591,
82590,
82589,
82588,
82584,
82583,
82580,
82578,
82576,
82573,
82572,
82570,
82569,
82566,
82565,
82564,
82563,
82562,
82561,
82559,
82558,
82557,
82556,
82555,
82553,
82552,
82549,
82548,
82547,
82545,
82544,
82543,
82542,
82541,
82540,
82539,
82538,
82537,
82536,
82535,
82534,
82532,
82531,
82530,
82529,
82528,
82526,
82525,
82523,
82521,
82520,
82519,
82518,
82516,
82512,
82511,
82510,
82509,
82508,
82507,
82505,
82504,
82500,
82499,
82496,
82495,
82488,
82487,
82486,
82485,
82484,
82483,
82481,
82479,
82478,
82474,
82473,
82472,
82471,
82470,
82467,
82466,
82463,
82462,
82458,
82457,
82456,
82454,
82452,
82451,
82450,
82449,
82448,
82446,
82445,
82444,
82443,
82442,
82441,
82440,
82434,
82432,
82431,
82430,
82429,
82428,
82427,
82426,
82425,
82424,
82423,
82422,
82421,
82420,
82419,
82418,
82417,
82416,
82415,
82414,
82413,
82412,
82411,
82410,
82409,
82408,
82407,
82406,
82405,
82404,
82403,
82398,
82396,
82395,
82394,
82393,
82390,
82389,
82388,
82387,
82386,
82385,
82384,
82383,
82382,
82381,
82380,
82379,
82378,
82377,
82376,
82375,
82374,
82373,
82372,
82371,
82370,
82369,
82368,
82367,
82366,
82365,
82361,
82357,
82356,
82355,
82354,
82353,
82351,
82350,
82348,
82346,
82345,
82344,
82343,
82342,
82341,
82339,
82337,
82335,
82334,
82331,
82330,
82329,
82328,
82326,
82325,
82324,
82323,
82322,
82321,
82320,
82319,
82318,
82317,
82316,
82315,
82314,
82313,
82311,
82309,
82307,
82306,
82305,
82304,
82303,
82301,
82300,
82299,
82295,
82293,
82292,
82291,
82290,
82289,
82288,
82287,
82286,
82285,
82284,
82283,
82282,
82281,
82280,
82277,
82276,
82275,
82274,
82273,
82272,
82271,
82267,
82266,
82265,
82264,
82263,
82262,
82260,
82259,
82258,
82256,
82255,
82254,
82253,
82252,
82251,
82250,
82249,
82248,
82247,
82246,
82245,
82244,
82243,
82242,
82241,
82240,
82239,
82238,
82237,
82236,
82233,
82230,
82229,
82228,
82224,
82223,
82222,
82221,
82220,
82219,
82218,
82213,
82212,
82211,
82210,
82209,
82208,
82207,
82206,
82205,
82204,
82203,
82202,
82196,
82193,
82191,
82190,
82189,
82186,
82185,
82184,
82183,
82182,
82181,
82180,
82179,
82177,
82175,
82174,
82173,
82172,
82171,
82168,
82167,
82165,
82162,
82161,
82160,
82159,
82158,
82157,
82156,
82155,
82154,
82152,
82151,
82150,
82149,
82148,
82147,
82146,
82145,
82144,
82143,
82142,
82141,
82140,
82138,
82137,
82136,
82135,
82134,
82133,
82132,
82131,
82130,
82129,
82128,
82127,
82126,
82125,
82124,
82123,
82122,
82119,
82118,
82117,
82116,
82115,
82114,
82113,
82112,
82110,
82108,
82107,
82106,
82105,
82104,
82103,
82102,
82101,
82100,
82099,
82098,
82097,
82096,
82095,
82094,
82093,
82092,
82091,
82090,
82089,
82088,
82087,
82086,
82085,
82084,
82083,
82076,
82073,
82072,
82071,
82070,
82069,
82068,
82067,
82066,
82065,
82064,
82063,
82062,
82061,
82060,
82058,
82057,
82056,
82055,
82053,
82052,
82051,
82050,
82049,
82048,
82047,
82046,
82045,
82039,
82038,
82037,
82036,
82035,
82034,
82032,
82031,
82030,
82029,
82028,
82027,
82026,
82025,
82021,
82018,
82017,
82015,
82013,
82005,
82002,
82000,
81998,
81997,
81995,
81989,
81988,
81987,
81986,
81985,
81983,
81982,
81981,
81980,
81979,
81975,
81974,
81973,
81972,
81971,
81970,
81968,
81967,
81966,
81965,
81963,
81962,
81960,
81958,
81957,
81956,
81955,
81954,
81953,
81951,
81949,
81947,
81946,
81945,
81944,
81942,
81940,
81937,
81936,
81935,
81934,
81933,
81932,
81931,
81930,
81929,
81928,
81926,
81925,
81924,
81923,
81922,
81921,
81920,
81919,
81918,
81917,
81915,
81914,
81913,
81912,
81911,
81909,
81906,
81904,
81899,
81898,
81897,
81896,
81895,
81894,
81893,
81892,
81891,
81890,
81889,
81888,
81887,
81886,
81885,
81884,
81882,
81881,
81880,
81879,
81878,
81877,
81876,
81874,
81873,
81872,
81869,
81867,
81866,
81865,
81864,
81862,
81858,
81857,
81856,
81854,
81853,
81851,
81848,
81847,
81846,
81845,
81843,
81842,
81841,
81840,
81838,
81835,
81834,
81833,
81832,
81830,
81828,
81827,
81826,
81825,
81824,
81823,
81822,
81820,
81819,
81817,
81816,
81814,
81811,
81810,
81809,
81808,
81807,
81806,
81805,
81804,
81798,
81795,
81794,
81792,
81791,
81789,
81788,
81787,
81786,
81785,
81784,
81781,
81780,
81779,
81778,
81777,
81776,
81775,
81774,
81771,
81770,
81768,
81767,
81766,
81765,
81764,
81763,
81762,
81759,
81758,
81757,
81756,
81755,
81754,
81753,
81751,
81750,
81749,
81748,
81747,
81746,
81744,
81743,
81742,
81741,
81740,
81739,
81737,
81736,
81733,
81732,
81731,
81730,
81729,
81728,
81727,
81726,
81725,
81724,
81723,
81722,
81721,
81720,
81718,
81717,
81716,
81712,
81711,
81710,
81708,
81707,
81706,
81705,
81704,
81702,
81700,
81699,
81698,
81697,
81696,
81695,
81693,
81692,
81691,
81690,
81689,
81688,
81687,
81685,
81684,
81683,
81682,
81681,
81680,
81679,
81678,
81677,
81676,
81675,
81674,
81672,
81669,
81668,
81665,
81664,
81663,
81660,
81659,
81658,
81657,
81656,
81655,
81654,
81652,
81651,
81650,
81649,
81648,
81647,
81646,
81645,
81644,
81643,
81642,
81639,
81638,
81637,
81635,
81634,
81633,
81628,
81627,
81624,
81623,
81622,
81621,
81619,
81618,
81615,
81614,
81613,
81612,
81611,
81610,
81609,
81608,
81607,
81606,
81605,
81604,
81603,
81602,
81601,
81600,
81598,
81597,
81596,
81595,
81594,
81593,
81592,
81590,
81588,
81587,
81586,
81585,
81584,
81583,
81582,
81581,
81580,
81579,
81578,
81577,
81576,
81575,
81574,
81573,
81572,
81570,
81569,
81567,
81566,
81564,
81562,
81561,
81560,
81559,
81558,
81556,
81555,
81554,
81552,
81550,
81549,
81548,
81547,
81546,
81545,
81544,
81543,
81542,
81541,
81540,
81539,
81538,
81536,
81535,
81534,
81533,
81531,
81529,
81528,
81526,
81521,
81520,
81519,
81517,
81516,
81514,
81513,
81512,
81511,
81510,
81509,
81507,
81506,
81505,
81503,
81500,
81499,
81498,
81496,
81494,
81493,
81491,
81490,
81489,
81488,
81486,
81485,
81484,
81481,
81478,
81477,
81476,
81475,
81474,
81472,
81468,
81467,
81466,
81464,
81463,
81462,
81461,
81460,
81459,
81457,
81455,
81454,
81447,
81445,
81444,
81443,
81441,
81440,
81439,
81437,
81436,
81435,
81434,
81432,
81431,
81430,
81427,
81426,
81425,
81423,
81422,
81421,
81420,
81419,
81418,
81417,
81416,
81415,
81414,
81412,
81411,
81410,
81409,
81408,
81407,
81405,
81404,
81402,
81401,
81400,
81399,
81398,
81397,
81396,
81395,
81394,
81392,
81390,
81389,
81388,
81387,
81386,
81384,
81383,
81382,
81381,
81380,
81379,
81377,
81376,
81375,
81372,
81367,
81359,
81358,
81356,
81355,
81353,
81352,
81348,
81347,
81346,
81345,
81342,
81341,
81338,
81337,
81336,
81335,
81334,
81333,
81331,
81330,
81329,
81327,
81326,
81325,
81324,
81323,
81322,
81321,
81320,
81319,
81317,
81316,
81315,
81314,
81313,
81312,
81311,
81310,
81309,
81307,
81306,
81305,
81304,
81303,
81302,
81301,
81300,
81299,
81298,
81297,
81296,
81293,
81291,
81290,
81288,
81286,
81285,
81281,
81280,
81279,
81277,
81276,
81275,
81274,
81273,
81272,
81271,
81270,
81269,
81266,
81265,
81264,
81262,
81258,
81257,
81256,
81255,
81254,
81253,
81252,
81250,
81249,
81248,
81247,
81246,
81245,
81243,
81242,
81241,
81240,
81239,
81238,
81237,
81235,
81234,
81232,
81231,
81229,
81228,
81226,
81224,
81221,
81212,
81208,
81207,
81206,
81205,
81204,
81203,
81202,
81201,
81200,
81199,
81198,
81197,
81196,
81195,
81194,
81192,
81190,
81189,
81188,
81186,
81185,
81184,
81183,
81182,
81180,
81179,
81178,
81177,
81176,
81175,
81173,
81172,
81171,
81170,
81169,
81168,
81167,
81166,
81165,
81164,
81163,
81162,
81161,
81160,
81159,
81158,
81157,
81155,
81154,
81152,
81151,
81150,
81149,
81148,
81147,
81145,
81143,
81141,
81140,
81139,
81138,
81137,
81135,
81134,
81132,
81131,
81130,
81129,
81128,
81127,
81126,
81125,
81124,
81123,
81122,
81121,
81120,
81119,
81118,
81115,
81114,
81113,
81112,
81111,
81110,
81109,
81108,
81106,
81105,
81104,
81103,
81102,
81101,
81100,
81099,
81098,
81097,
81096,
81093,
81092,
81087,
81085,
81084,
81083,
81082,
81080,
81079,
81077,
81075,
81074,
81070,
81069,
81068,
81067,
81066,
81065,
81064,
81063,
81059,
81058,
81057,
81056,
81055,
81054,
81052,
81051,
81050,
81048,
81047,
81046,
81045,
81044,
81043,
81040,
81039,
81037,
81036,
81035,
81034,
81033,
81032,
81031,
81030,
81028,
81027,
81026,
81025,
81021,
81020,
81019,
81018,
81017,
81016,
81015,
81013,
81012,
81010,
81009,
81008,
81007,
81006,
81005,
81004,
81002,
81001,
81000,
80999,
80998,
80997,
80996,
80993,
80990,
80989,
80985,
80983,
80982,
80981,
80980,
80979,
80978,
80976,
80975,
80973,
80972,
80971,
80964,
80957,
80956,
80951,
80950,
80949,
80948,
80947,
80946,
80943,
80942,
80941,
80940,
80936,
80934,
80932,
80931,
80929,
80926,
80925,
80923,
80922,
80921,
80920,
80919,
80915,
80912,
80910,
80909,
80908,
80907,
80906,
80905,
80904,
80903,
80902,
80901,
80900,
80899,
80898,
80897,
80896,
80895,
80894,
80893,
80892,
80891,
80890,
80889,
80888,
80887,
80885,
80883,
80882,
80879,
80878,
80877,
80876,
80875,
80874,
80873,
80872,
80871,
80870,
80868,
80867,
80866,
80865,
80864,
80863,
80862,
80861,
80860,
80859,
80858,
80857,
80856,
80855,
80854,
80853,
80852,
80851,
80850,
80849,
80848,
80845,
80843,
80842,
80841,
80840,
80839,
80838,
80837,
80834,
80832,
80831,
80830,
80829,
80828,
80827,
80826,
80825,
80824,
80823,
80822,
80821,
80820,
80818,
80817,
80815,
80814,
80810,
80809,
80808,
80807,
80806,
80805,
80802,
80800,
80799,
80797,
80795,
80794,
80790,
80789,
80788,
80787,
80786,
80785,
80784,
80783,
80782,
80781,
80780,
80779,
80778,
80777,
80776,
80774,
80773,
80772,
80768,
80766,
80765,
80764,
80763,
80762,
80760,
80759,
80758,
80757,
80756,
80755,
80754,
80753,
80751,
80750,
80748,
80747,
80746,
80745,
80744,
80743,
80742,
80738,
80737,
80736,
80735,
80734,
80732,
80729,
80728,
80727,
80726,
80725,
80724,
80723,
80722,
80719,
80718,
80717,
80715,
80714,
80713,
80712,
80711,
80709,
80708,
80707,
80706,
80705,
80704,
80703,
80702,
80701,
80700,
80699,
80698,
80697,
80696,
80694,
80691,
80690,
80689,
80687,
80686,
80685,
80684,
80683,
80682,
80681,
80680,
80679,
80678,
80676,
80675,
80674,
80673,
80670,
80669,
80665,
80664,
80663,
80662,
80656,
80655,
80654,
80653,
80652,
80651,
80650,
80646,
80639,
80638,
80637,
80636,
80635,
80634,
80629,
80628,
80627,
80626,
80625,
80624,
80623,
80622,
80619,
80618,
80617,
80616,
80615,
80614,
80613,
80612,
80611,
80610,
80609,
80607,
80606,
80605,
80604,
80603,
80602,
80601,
80600,
80599,
80596,
80595,
80594,
80593,
80592,
80591,
80590,
80588,
80587,
80586,
80584,
80583,
80582,
80581,
80580,
80579,
80578,
80577,
80576,
80575,
80574,
80573,
80557,
80556,
80555,
80551,
80550,
80549,
80548,
80547,
80546,
80545,
80544,
80543,
80542,
80541,
80540,
80539,
80538,
80537,
80536,
80535,
80534,
80533,
80532,
80531,
80530,
80528,
80527,
80526,
80525,
80524,
80523,
80522,
80521,
80520,
80519,
80518,
80517,
80516,
80515,
80513,
80512,
80511,
80508,
80507,
80506,
80504,
80503,
80502,
80501,
80500,
80499,
80498,
80497,
80496,
80495,
80493,
80492,
80491,
80490,
80489,
80488,
80487,
80486,
80485,
80484,
80483,
80482,
80481,
80480,
80479,
80478,
80477,
80476,
80475,
80474,
80473,
80471,
80470,
80469,
80468,
80467,
80466,
80465,
80464,
80462,
80459,
80458,
80457,
80456,
80455,
80454,
80453,
80450,
80447,
80444,
80443,
80442,
80441,
80440,
80437,
80436,
80435,
80432,
80431,
80429,
80428,
80427,
80426,
80425,
80424,
80423,
80422,
80421,
80419,
80417,
80415,
80414,
80413,
80412,
80409,
80408,
80406,
80404,
80403,
80401,
80400,
80399,
80398,
80397,
80396,
80395,
80394,
80393,
80390,
80389,
80388,
80387,
80383,
80381,
80380,
80379,
80378,
80377,
80376,
80375,
80374,
80373,
80372,
80370,
80369,
80368,
80365,
80364,
80363,
80362,
80361,
80360,
80359,
80358,
80357,
80355,
80354,
80353,
80352,
80351,
80350,
80348,
80347,
80345,
80344,
80343,
80342,
80341,
80340,
80338,
80337,
80336,
80335,
80334,
80332,
80331,
80329,
80328,
80327,
80326,
80324,
80323,
80322,
80320,
80319,
80318,
80317,
80316,
80315,
80313,
80308,
80307,
80306,
80305,
80303,
80302,
80286,
80285,
80284,
80283,
80282,
80281,
80280,
80278,
80277,
80276,
80275,
80274,
80273,
80271,
80270,
80269,
80268,
80267,
80266,
80265,
80264,
80262,
80260,
80258,
80257,
80256,
80255,
80254,
80253,
80252,
80251,
80250,
80249,
80247,
80246,
80245,
80244,
80243,
80242,
80241,
80240,
80238,
80236,
80235,
80234,
80233,
80232,
80231,
80230,
80228,
80227,
80225,
80224,
80223,
80222,
80221,
80219,
80218,
80217,
80216,
80215,
80213,
80211,
80210,
80209,
80208,
80207,
80205,
80202,
80200,
80199,
80197,
80196,
80195,
80194,
80193,
80191,
80190,
80189,
80188,
80187,
80185,
80184,
80183,
80182,
80181,
80179,
80178,
80177,
80176,
80172,
80171,
80170,
80168,
80167,
80166,
80165,
80164,
80163,
80162,
80161,
80159,
80158,
80157,
80156,
80155,
80153,
80151,
80150,
80145,
80144,
80139,
80138,
80137,
80136,
80135,
80134,
80133,
80132,
80131,
80130,
80129,
80128,
80127,
80126,
80125,
80124,
80123,
80122,
80121,
80120,
80119,
80116,
80115,
80113,
80112,
80110,
80109,
80108,
80106,
80105,
80104,
80103,
80102,
80101,
80100,
80098,
80097,
80096,
80095,
80094,
80093,
80088,
80087,
80086,
80085,
80084,
80083,
80082,
80081,
80080,
80079,
80078,
80077,
80076,
80075,
80074,
80073,
80072,
80071,
80070,
80069,
80067,
80066,
80065,
80064,
80062,
80059,
80058,
80055,
80053,
80051,
80050,
80049,
80046,
80044,
80043,
80042,
80041,
80038,
80037,
80036,
80035,
80034,
80033,
80031,
80030,
80029,
80028,
80027,
80024,
80023,
80022,
80021,
80020,
80019,
80018,
80017,
80016,
80015,
80014,
80013,
80012,
80011,
80009,
80008,
80007,
80006,
80005,
80003,
80002,
79999,
79998,
79997,
79996,
79995,
79994,
79993,
79990,
79989,
79988,
79987,
79986,
79985,
79984,
79983,
79982,
79981,
79980,
79979,
79978,
79977,
79976,
79975,
79974,
79972,
79971,
79970,
79969,
79968,
79967,
79966,
79965,
79964,
79963,
79961,
79959,
79958,
79956,
79955,
79954,
79953,
79951,
79950,
79947,
79946,
79945,
79944,
79943,
79939,
79938,
79937,
79936,
79935,
79934,
79933,
79932,
79930,
79929,
79928,
79926,
79925,
79924,
79923,
79922,
79921,
79920,
79919,
79917,
79915,
79914,
79913,
79912,
79911,
79910,
79909,
79908,
79907,
79906,
79905,
79904,
79903,
79902,
79901,
79900,
79898,
79897,
79896,
79895,
79894,
79893,
79892,
79891,
79889,
79888,
79887,
79885,
79884,
79883,
79882,
79881,
79880,
79879,
79876,
79873,
79871,
79870,
79869,
79868,
79864,
79863,
79862,
79861,
79860,
79859,
79858,
79857,
79856,
79855,
79854,
79853,
79851,
79847,
79846,
79845,
79842,
79841,
79839,
79838,
79837,
79836,
79835,
79834,
79832,
79827,
79826,
79825,
79824,
79823,
79822,
79820,
79819,
79815,
79813,
79809,
79808,
79807,
79806,
79805,
79804,
79803,
79801,
79799,
79798,
79797,
79796,
79795,
79794,
79792,
79790,
79788,
79786,
79783,
79782,
79781,
79780,
79779,
79778,
79777,
79774,
79773,
79772,
79771,
79770,
79769,
79768,
79767,
79766,
79765,
79751,
79750,
79749,
79748,
79747,
79746,
79744,
79742,
79741,
79740,
79739,
79738,
79737,
79736,
79735,
79734,
79733,
79732,
79731,
79730,
79729,
79728,
79720,
79719,
79718,
79717,
79716,
79715,
79714,
79713,
79712,
79711,
79710,
79708,
79707,
79706,
79705,
79704,
79702,
79701,
79700,
79699,
79698,
79696,
79695,
79693,
79692,
79691,
79689,
79688,
79687,
79686,
79685,
79684,
79683,
79682,
79681,
79680,
79679,
79678,
79677,
79676,
79675,
79674,
79673,
79672,
79671,
79670,
79669,
79668,
79667,
79666,
79663,
79662,
79660,
79659,
79658,
79657,
79655,
79654,
79653,
79652,
79650,
79649,
79644,
79639,
79638,
79637,
79636,
79635,
79634,
79632,
79630,
79628,
79626,
79625,
79624,
79622,
79621,
79620,
79619,
79614,
79613,
79610,
79609,
79608,
79607,
79606,
79602,
79598,
79597,
79596,
79595,
79594,
79593,
79591,
79590,
79589,
79588,
79587,
79586,
79585,
79584,
79583,
79582,
79581,
79580,
79579,
79578,
79577,
79576,
79575,
79567,
79565,
79564,
79563,
79562,
79561,
79560,
79559,
79558,
79557,
79556,
79555,
79554,
79553,
79552,
79550,
79548,
79547,
79546,
79545,
79544,
79543,
79542,
79541,
79539,
79538,
79537,
79536,
79535,
79534,
79533,
79532,
79531,
79526,
79463,
79462,
79461,
79460,
79459,
79457,
79455,
79453,
79450,
79449,
79448,
79447,
79446,
79445,
79444,
79443,
79442,
79441,
79440,
79439,
79438,
79436,
79435,
79434,
79433,
79431,
79430,
79428,
79427,
79426,
79423,
79421,
79420,
79419,
79418,
79415,
79414,
79412,
79411,
79409,
79408,
79407,
79406,
79405,
79404,
79403,
79401,
79400,
79399,
79398,
79397,
79396,
79394,
79393,
79390,
79389,
79388,
79387,
79386,
79383,
79382,
79381,
79380,
79379,
79378,
79377,
79376,
79375,
79374,
79373,
79372,
79371,
79370,
79369,
79368,
79367,
79366,
79365,
79364,
79362,
79361,
79360,
79359,
79358,
79357,
79355,
79354,
79353,
79352,
79351,
79349,
79346,
79345,
79344,
79343,
79342,
79341,
79339,
79337,
79335,
79334,
79333,
79328,
79327,
79324,
79323,
79322,
79321,
79320,
79319,
79318,
79317,
79316,
79315,
79314,
79313,
79311,
79310,
79309,
79306,
79305,
79304,
79303,
79302,
79301,
79300,
79299,
79298,
79297,
79296,
79295,
79294,
79293,
79292,
79291,
79290,
79289,
79288,
79287,
79286,
79283,
79282,
79281,
79280,
79279,
79278,
79277,
79276,
79275,
79273,
79270,
79269,
79268,
79267,
79266,
79265,
79262,
79260,
79259,
79258,
79257,
79256,
79255,
79254,
79253,
79249,
79247,
79246,
79245,
79244,
79243,
79242,
79241,
79240,
79239,
79238,
79237,
79236,
79235,
79234,
79233,
79231,
79230,
79229,
79228,
79227,
79226,
79225,
79224,
79223,
79222,
79221,
79220,
79219,
79218,
79217,
79216,
79213,
79212,
79211,
79209,
79208,
79207,
79206,
79205,
79204,
79203,
79202,
79201,
79200,
79199,
79198,
79197,
79196,
79195,
79194,
79193,
79192,
79191,
79187,
79185,
79184,
79183,
79181,
79179,
79177,
79174,
79173,
79167,
79166,
79165,
79163,
79162,
79161,
79158,
79157,
79156,
79155,
79154,
79153,
79152,
79151,
79150,
79149,
79148,
79147,
79146,
79145,
79144,
79142,
79141,
79140,
79139,
79138,
79137,
79136,
79135,
79134,
79133,
79131,
79130,
79129,
79128,
79127,
79125,
79124,
79123,
79122,
79120,
79118,
79117,
79116,
79115,
79114,
79113,
79109,
79108,
79107,
79106,
79104,
79103,
79101,
79100,
79095,
79094,
79093,
79091,
79090,
79089,
79088,
79087,
79086,
79084,
79083,
79082,
79080,
79079,
79078,
79076,
79075,
79073,
79068,
79067,
79064,
79062,
79061,
79060,
79059,
79057,
79056,
79055,
79054,
79053,
79052,
79047,
79046,
79045,
79043,
79042,
79041,
79040,
79039,
79038,
79037,
79036,
79026,
79025,
79023,
79022,
79021,
79020,
79019,
79018,
79016,
79015,
79014,
79013,
79012,
79010,
79009,
79004,
79003,
78999,
78997,
78996,
78995,
78990,
78989,
78988,
78985,
78981,
78978,
78976,
78975,
78974,
78973,
78972,
78971,
78970,
78969,
78968,
78966,
78961,
78957,
78956,
78951,
78949,
78944,
78943,
78942,
78936,
78935,
78934,
78933,
78932,
78931,
78930,
78929,
78928,
78927,
78926,
78925,
78924,
78921,
78919,
78904,
78903,
78902,
78900,
78899,
78898,
78897,
78896,
78895,
78894,
78893,
78891,
78890,
78889,
78888,
78887,
78886,
78885,
78884,
78883,
78882,
78881,
78880,
78879,
78878,
78876,
78875,
78874,
78873,
78872,
78871,
78870,
78867,
78866,
78865,
78864,
78863,
78862,
78861,
78860,
78859,
78858,
78856,
78855,
78854,
78853,
78852,
78851,
78850,
78849,
78848,
78847,
78846,
78845,
78843,
78842,
78841,
78839,
78838,
78837,
78836,
78835,
78834,
78833,
78832,
78830,
78829,
78828,
78827,
78825,
78824,
78823,
78822,
78821,
78820,
78819,
78818,
78817,
78816,
78815,
78814,
78813,
78812,
78811,
78810,
78809,
78808,
78806,
78804,
78803,
78802,
78801,
78800,
78799,
78797,
78793,
78791,
78790,
78789,
78788,
78787,
78786,
78785,
78784,
78783,
78782,
78781,
78780,
78779,
78778,
78777,
78776,
78775,
78774,
78773,
78772,
78771,
78770,
78769,
78766,
78765,
78764,
78763,
78761,
78760,
78759,
78758,
78756,
78752,
78751,
78750,
78749,
78748,
78747,
78746,
78745,
78743,
78742,
78740,
78739,
78738,
78737,
78736,
78733,
78732,
78731,
78730,
78729,
78728,
78727,
78726,
78724,
78723,
78722,
78721,
78720,
78719,
78716,
78715,
78714,
78710,
78709,
78707,
78706,
78704,
78702,
78695,
78693,
78691,
78689,
78686,
78684,
78683,
78682,
78681,
78680,
78679,
78678,
78677,
78676,
78674,
78673,
78672,
78671,
78670,
78662,
78661,
78660,
78657,
78656,
78654,
78653,
78652,
78651,
78649,
78647,
78645,
78642,
78641,
78639,
78638,
78637,
78636,
78635,
78631,
78629,
78627,
78626,
78625,
78624,
78623,
78622,
78621,
78620,
78619,
78618,
78617,
78616,
78614,
78613,
78611,
78608,
78606,
78605,
78604,
78603,
78602,
78601,
78600,
78599,
78598,
78597,
78596,
78591,
78589,
78588,
78587,
78582,
78581,
78580,
78579,
78578,
78577,
78575,
78573,
78572,
78571,
78570,
78569,
78567,
78566,
78564,
78563,
78560,
78558,
78555,
78554,
78553,
78552,
78551,
78550,
78549,
78548,
78547,
78546,
78545,
78544,
78543,
78542,
78541,
78540,
78539,
78538,
78537,
78536,
78535,
78531,
78530,
78529,
78528,
78525,
78524,
78522,
78521,
78518,
78517,
78516,
78515,
78512,
78510,
78509,
78508,
78506,
78505,
78503,
78502,
78501,
78500,
78499,
78498,
78497,
78496,
78493,
78492,
78491,
78489,
78488,
78485,
78484,
78483,
78482,
78481,
78480,
78479,
78476,
78473,
78472,
78471,
78470,
78469,
78468,
78466,
78465,
78464,
78463,
78462,
78461,
78460,
78457,
78456,
78453,
78452,
78450,
78446,
78445,
78444,
78443,
78442,
78441,
78440,
78438,
78437,
78436,
78435,
78432,
78431,
78429,
78418,
78417,
78416,
78413,
78412,
78411,
78410,
78409,
78408,
78407,
78406,
78401,
78400,
78399,
78396,
78395,
78392,
78391,
78390,
78389,
78383,
78382,
78380,
78378,
78374,
78373,
78368,
78363,
78361,
78357,
78354,
78352,
78351,
78350,
78349,
78347,
78346,
78344,
78343,
78341,
78337,
78336,
78335,
78332,
78328,
78327,
78324,
78322,
78321,
78320,
78318,
78316,
78315,
78314,
78313,
78312,
78309,
78307,
78304,
78302,
78297,
78294,
78292,
78291,
78290,
78289,
78288,
78287,
78286,
78285,
78284,
78282,
78280,
78278,
78276,
78275,
78274,
78273,
78272,
78271,
78267,
78266,
78265,
78262,
78261,
78257,
78256,
78255,
78254,
78253,
78252,
78251,
78250,
78249,
78248,
78247,
78246,
78243,
78242,
78241,
78240,
78239,
78236,
78235,
78234,
78232,
78231,
78228,
78227,
78226,
78225,
78224,
78223,
78222,
78221,
78220,
78219,
78218,
78217,
78216,
78215,
78214,
78213,
78210,
78209,
78208,
78206,
78203,
78200,
78197,
78194,
78193,
78191,
78189,
78188,
78187,
78185,
78182,
78180,
78176,
78175,
78174,
78173,
78172,
78171,
78170,
78169,
78168,
78167,
78162,
78160,
78159,
78158,
78157,
78155,
78151,
78150,
78149,
78148,
78147,
78146,
78145,
78144,
78142,
78141,
78140,
78139,
78138,
78137,
78136,
78135,
78133,
78132,
78131,
78130,
78129,
78121,
78119,
78118,
78117,
78116,
78115,
78113,
78112,
78111,
78107,
78106,
78105,
78104,
78103,
78102,
78092,
78091,
78090,
78089,
78087,
78085,
78084,
78082,
78081,
78080,
78078,
78076,
78075,
78074,
78073,
78072,
78069,
78068,
78067,
78066,
78065,
78064,
78063,
78061,
78060,
78058,
78057,
78056,
78055,
78052,
78048,
78047,
78045,
78044,
78043,
78042,
78040,
78039,
78038,
78024,
78022,
78020,
78017,
78016,
78015,
78014,
78013,
78012,
78011,
78010,
78009,
78008,
78007,
78006,
78005,
78004,
78003,
78002,
77980,
77979,
77976,
77971,
77966,
77965,
77964,
77963,
77962,
77961,
77960,
77959,
77958,
77957,
77955,
77953,
77952,
77951,
77950,
77949,
77945,
77941,
77940,
77935,
77934,
77933,
77932,
77931,
77929,
77928,
77925,
77924,
77923,
77922,
77921,
77917,
77912,
77911,
77910,
77908,
77905,
77902,
77898,
77896,
77895,
77880,
77871,
77654,
77653,
77652,
77651,
77649,
77648,
77646,
77643,
77640,
77638,
77637,
77636,
77633,
77630,
77628,
77627,
77625,
77624,
77623,
77621,
77620,
77619,
77615,
77613,
77610,
77608,
77607,
77606,
77605,
77604,
77603,
77602,
77600,
77599,
77598,
77597,
77595,
77594,
77593,
77592,
77591,
77590,
77589,
77588,
77585,
77583,
77582,
77581,
77580,
77579,
77578,
77576,
77575,
77572,
77571,
77569,
77568,
77567,
77566,
77565,
77564,
77563,
77562,
77561,
77560,
77559,
77558,
77557,
77556,
77554,
77553,
77551,
77549,
77547,
77545,
77544,
77543,
77542,
77541,
77539,
77538,
77537,
77534,
77530,
77528,
77527,
77522,
77521,
77520,
77519,
77518,
77514,
77512,
77505,
77504,
77502,
77501,
77500,
77499,
77496,
77494,
77491,
77488,
77487,
77486,
77483,
77482,
77480,
77477,
77476,
77475,
77474,
77473,
77472,
77471,
77469,
77468,
77467,
77466,
77465,
77464,
77463,
77462,
77461,
77460,
77459,
77458,
77456,
77455,
77454,
77451,
77450,
77446,
77445,
77444,
77443,
77442,
77441,
77440,
77439,
77438,
77437,
77436,
77434,
77433,
77432,
77431,
77430,
77429,
77428,
77427,
77426,
77425,
77424,
77423,
77422,
77421,
77420,
77419,
77418,
77417,
77416,
77411,
77410,
77409,
77406,
77405,
77404,
77403,
77401,
77400,
77398,
77395,
77392,
77391,
77389,
77388,
77387,
77385,
77383,
77382,
77381,
77380,
77379,
77377,
77376,
77372,
77371,
77370,
77368,
77366,
77364,
77363,
77361,
77360,
77359,
77358,
77357,
77356,
77354,
77351,
77350,
77349,
77344,
77341,
77340,
77339,
77338,
77336,
77335,
77330,
77326,
77325,
77324,
77323,
77322,
77321,
77320,
77319,
77318,
77317,
77315,
77314,
77313,
77312,
77311,
77310,
77309,
77306,
77305,
77304,
77303,
77302,
77301,
77300,
77299,
77298,
77297,
77296,
77295,
77294,
77293,
77292,
77291,
77290,
77289,
77288,
77287,
77286,
77285,
77284,
77283,
77282,
77281,
77280,
77279,
77278,
77277,
77276,
77275,
77274,
77273,
77266,
77265,
77264,
77263,
77262,
77261,
77260,
77259,
77258,
77257,
77256,
77252,
77251,
77248,
77246,
77245,
77244,
77243,
77242,
77241,
77240,
77239,
77238,
77237,
77236,
77235,
77234,
77233,
77232,
77228,
77227,
77225,
77224,
77223,
77222,
77221,
77220,
77218,
77217,
77216,
77215,
77214,
77213,
77212,
77210,
77209,
77208,
77206,
77205,
77204,
77203,
77202,
77201,
77200,
77199,
77198,
77196,
77195,
77193,
77192,
77187,
77180,
77179,
77178,
77177,
77176,
77175,
77173,
77172,
77171,
77170,
77169,
77168,
77167,
77166,
77165,
77164,
77163,
77162,
77161,
77158,
77157,
77156,
77155,
77154,
77147,
77146,
77145,
77144,
77143,
77142,
77141,
77140,
77137,
77136,
77135,
77134,
77133,
77132,
77131,
77130,
77128,
77127,
77126,
77125,
77124,
77122,
77121,
77120,
77119,
77118,
77117,
77116,
77115,
77114,
77110,
77109,
77108,
77107,
77106,
77105,
77104,
77103,
77101,
77100,
77098,
77097,
77095,
77094,
77093,
77092,
77091,
77090,
77089,
77088,
77087,
77086,
77085,
77084,
77083,
77082,
77081,
77080,
77079,
77078,
77077,
77076,
77074,
77071,
77069,
77068,
77066,
77063,
77062,
77061,
77060,
77058,
77057,
77056,
77054,
77053,
77051,
77050,
77049,
77048,
77047,
77045,
77044,
77043,
77042,
77041,
77040,
77039,
77038,
77037,
77036,
77035,
77034,
77033,
77032,
77029,
77028,
77027,
77024,
77023,
77022,
77021,
77020,
77018,
77017,
77015,
77014,
77013,
77012,
77011,
77008,
77005,
77004,
77003,
77002,
77001,
77000,
76999,
76998,
76994,
76993,
76992,
76991,
76989,
76988,
76987,
76985,
76983,
76979,
76977,
76975,
76974,
76973,
76972,
76971,
76968,
76966,
76963,
76961,
76959,
76958,
76957,
76956,
76955,
76954,
76953,
76952,
76951,
76950,
76948,
76947,
76946,
76943,
76941,
76940,
76939,
76938,
76936,
76933,
76932,
76929,
76927,
76926,
76925,
76924,
76923,
76922,
76921,
76920,
76919,
76918,
76917,
76916,
76915,
76909,
76907,
76906,
76905,
76904,
76903,
76902,
76901,
76899,
76898,
76897,
76896,
76893,
76892,
76891,
76890,
76889,
76888,
76885,
76883,
76882,
76881,
76879,
76878,
76876,
76873,
76872,
76871,
76870,
76869,
76868,
76866,
76864,
76863,
76861,
76859,
76858,
76857,
76856,
76855,
76854,
76852,
76851,
76850,
76849,
76848,
76847,
76846,
76845,
76844,
76842,
76841,
76840,
76838,
76833,
76831,
76830,
76829,
76828,
76827,
76826,
76823,
76822,
76821,
76820,
76814,
76812,
76811,
76810,
76807,
76806,
76805,
76804,
76802,
76799,
76797,
76796,
76795,
76794,
76793,
76792,
76790,
76789,
76788,
76787,
76786,
76785,
76783,
76782,
76781,
76780,
76779,
76778,
76777,
76776,
76775,
76774,
76773,
76772,
76771,
76770,
76769,
76767,
76766,
76762,
76761,
76760,
76759,
76758,
76757,
76756,
76755,
76754,
76753,
76752,
76751,
76750,
76749,
76748,
76747,
76745,
76744,
76743,
76742,
76741,
76740,
76739,
76738,
76737,
76736,
76735,
76734,
76733,
76732,
76731,
76730,
76729,
76728,
76727,
76725,
76724,
76723,
76722,
76721,
76720,
76718,
76717,
76716,
76715,
76713,
76712,
76711,
76710,
76709,
76708,
76707,
76705,
76704,
76702,
76701,
76700,
76699,
76697,
76695,
76693,
76692,
76689,
76688,
76687,
76686,
76685,
76684,
76683,
76680,
76678,
76677,
76673,
76671,
76670,
76669,
76668,
76667,
76666,
76664,
76663,
76662,
76661,
76660,
76659,
76658,
76655,
76654,
76653,
76652,
76651,
76650,
76648,
76647,
76646,
76645,
76644,
76643,
76642,
76640,
76638,
76636,
76631,
76629,
76627,
76620,
76619,
76618,
76617,
76616,
76615,
76614,
76613,
76612,
76611,
76610,
76609,
76608,
76606,
76604,
76602,
76601,
76600,
76599,
76598,
76596,
76595,
76594,
76593,
76592,
76590,
76587,
76586,
76585,
76584,
76583,
76581,
76580,
76579,
76578,
76577,
76576,
76575,
76574,
76573,
76571,
76570,
76569,
76567,
76565,
76564,
76563,
76562,
76561,
76559,
76558,
76557,
76555,
76548,
76546,
76545,
76544,
76543,
76542,
76541,
76540,
76539,
76538,
76537,
76536,
76535,
76534,
76533,
76531,
76530,
76529,
76528,
76526,
76525,
76523,
76518,
76517,
76516,
76515,
76514,
76513,
76512,
76510,
76509,
76508,
76507,
76506,
76505,
76504,
76503,
76502,
76501,
76500,
76499,
76498,
76497,
76496,
76495,
76494,
76492,
76489,
76488,
76487,
76485,
76483,
76481,
76480,
76479,
76478,
76477,
76476,
76475,
76474,
76473,
76472,
76471,
76470,
76468,
76467,
76466,
76465,
76464,
76463,
76462,
76461,
76460,
76457,
76456,
76455,
76454,
76453,
76452,
76451,
76450,
76449,
76448,
76447,
76445,
76444,
76443,
76442,
76441,
76440,
76438,
76437,
76436,
76435,
76434,
76433,
76432,
76431,
76430,
76429,
76428,
76427,
76426,
76425,
76424,
76423,
76422,
76420,
76419,
76418,
76417,
76416,
76415,
76414,
76413,
76412,
76411,
76410,
76409,
76408,
76407,
76406,
76405,
76402,
76401,
76400,
76399,
76398,
76397,
76396,
76395,
76393,
76392,
76391,
76390,
76389,
76388,
76386,
76385,
76384,
76383,
76382,
76381,
76380,
76379,
76378,
76377,
76376,
76373,
76372,
76371,
76370,
76368,
76364,
76363,
76361,
76360,
76359,
76358,
76357,
76354,
76353,
76349,
76348,
76347,
76346,
76345,
76344,
76343,
76342,
76341,
76340,
76339,
76338,
76337,
76336,
76335,
76334,
76333,
76331,
76330,
76329,
76328,
76326,
76325,
76323,
76322,
76321,
76318,
76315,
76313,
76311,
76309,
76307,
76306,
76305,
76304,
76303,
76302,
76301,
76300,
76299,
76298,
76296,
76295,
76294,
76292,
76291,
76290,
76289,
76287,
76286,
76284,
76280,
76279,
76278,
76277,
76276,
76274,
76273,
76272,
76271,
76270,
76269,
76268,
76267,
76266,
76265,
76264,
76263,
76262,
76260,
76259,
76258,
76257,
76256,
76255,
76254,
76252,
76249,
76245,
76244,
76242,
76241,
76239,
76238,
76237,
76236,
76235,
76234,
76233,
76232,
76231,
76230,
76229,
76228,
76227,
76225,
76224,
76223,
76221,
76217,
76216,
76215,
76214,
76213,
76212,
76211,
76210,
76209,
76208,
76207,
76206,
76203,
76201,
76199,
76197,
76196,
76195,
76194,
76190,
76189,
76187,
76186,
76185,
76183,
76182,
76181,
76180,
76179,
76177,
76176,
76175,
76174,
76173,
76172,
76171,
76170,
76169,
76168,
76167,
76166,
76165,
76162,
76161,
76160,
76159,
76158,
76156,
76155,
76154,
76153,
76152,
76151,
76150,
76149,
76148,
76147,
76145,
76144,
76143,
76142,
76141,
76139,
76137,
76136,
76135,
76134,
76133,
76132,
76131,
76130,
76129,
76122,
76121,
76118,
76116,
76115,
76114,
76113,
76112,
76111,
76109,
76107,
76106,
76105,
76103,
76102,
76100,
76099,
76098,
76096,
76095,
76094,
76092,
76091,
76090,
76088,
76085,
76084,
76081,
76080,
76079,
76075,
76074,
76073,
76072,
76071,
76070,
76069,
76068,
76067,
76066,
76065,
76064,
76063,
76062,
76061,
76060,
76059,
76058,
76056,
76052,
76051,
76050,
76047,
76046,
76042,
76041,
76040,
76033,
76031,
76030,
76024,
76023,
76020,
76018,
76017,
76016,
76014,
76013,
76012,
76011,
76010,
76009,
76008,
76007,
76006,
76005,
76004,
76003,
76002,
76001,
76000,
75999,
75998,
75996,
75995,
75992,
75991,
75990,
75989,
75988,
75987,
75986,
75984,
75982,
75980,
75979,
75978,
75976,
75973,
75971,
75968,
75966,
75965,
75960,
75959,
75952,
75951,
75947,
75945,
75944,
75943,
75942,
75941,
75940,
75939,
75938,
75937,
75936,
75935,
75934,
75932,
75931,
75930,
75929,
75927,
75926,
75925,
75924,
75923,
75921,
75919,
75918,
75917,
75916,
75915,
75914,
75913,
75912,
75911,
75910,
75908,
75907,
75906,
75905,
75903,
75902,
75901,
75900,
75899,
75898,
75897,
75896,
75895,
75894,
75893,
75892,
75891,
75890,
75889,
75888,
75885,
75884,
75883,
75882,
75881,
75880,
75879,
75878,
75877,
75876,
75875,
75874,
75873,
75872,
75871,
75870,
75868,
75867,
75865,
75863,
75862,
75861,
75860,
75859,
75858,
75857,
75856,
75855,
75853,
75851,
75850,
75849,
75848,
75847,
75846,
75845,
75844,
75843,
75842,
75841,
75839,
75838,
75837,
75836,
75835,
75833,
75832,
75827,
75825,
75824,
75823,
75822,
75821,
75820,
75819,
75818,
75817,
75816,
75815,
75814,
75810,
75808,
75807,
75806,
75805,
75804,
75803,
75802,
75801,
75798,
75797,
75794,
75792,
75791,
75789,
75786,
75785,
75784,
75783,
75782,
75781,
75780,
75778,
75776,
75775,
75774,
75772,
75771,
75770,
75769,
75767,
75766,
75765,
75764,
75763,
75762,
75761,
75759,
75757,
75756,
75755,
75754,
75751,
75750,
75749,
75747,
75746,
75745,
75744,
75743,
75742,
75741,
75740,
75739,
75738,
75737,
75736,
75735,
75734,
75733,
75732,
75731,
75729,
75728,
75727,
75726,
75723,
75720,
75719,
75718,
75715,
75714,
75713,
75712,
75710,
75709,
75708,
75707,
75706,
75705,
75704,
75703,
75702,
75701,
75700,
75699,
75698,
75697,
75696,
75694,
75692,
75691,
75690,
75688,
75687,
75686,
75685,
75684,
75683,
75682,
75680,
75679,
75678,
75677,
75676,
75675,
75674,
75673,
75672,
75671,
75670,
75668,
75667,
75666,
75665,
75664,
75663,
75662,
75661,
75659,
75658,
75657,
75655,
75649,
75646,
75645,
75643,
75641,
75638,
75631,
75630,
75628,
75627,
75625,
75624,
75622,
75621,
75620,
75618,
75615,
75614,
75613,
75612,
75611,
75610,
75609,
75608,
75607,
75605,
75604,
75603,
75602,
75601,
75599,
75598,
75597,
75596,
75595,
75593,
75592,
75591,
75590,
75589,
75588,
75587,
75582,
75581,
75578,
75577,
75576,
75575,
75574,
75573,
75569,
75568,
75566,
75564,
75563,
75554,
75540,
75539,
75538,
75537,
75536,
75535,
75533,
75532,
75530,
75529,
75528,
75526,
75520,
75518,
75515,
75513,
75511,
75508,
75503,
75501,
75500,
75499,
75498,
75497,
75496,
75495,
75489,
75486,
75484,
75480,
75471,
75470,
75469,
75468,
75464,
75462,
75461,
75459,
75457,
75456,
75455,
75454,
75452,
75450,
75449,
75448,
75447,
75446,
75445,
75443,
75441,
75440,
75439,
75438,
75437,
75428,
75427,
75425,
75418,
75414,
75404,
75403,
75402,
75400,
75399,
75398,
75397,
75396,
75394,
75392,
75391,
75389,
75388,
75387,
75386,
75385,
75382,
75381,
75376,
75372,
75371,
75370,
75362,
75359,
75358,
75357,
75355,
75354,
75353,
75352,
75351,
75350,
75345,
75344,
75343,
75342,
75326,
75325,
75322,
75320,
75319,
75318,
75317,
75316,
75313,
75312,
75309,
75308,
75307,
75306,
75304,
75303,
75302,
75301,
75300,
75299,
75297,
75296,
75290,
75289,
75288,
75287,
75285,
75284,
75282,
75280,
75278,
75277,
75276,
75275,
75274,
75273,
75272,
75271,
75269,
75267,
75266,
75265,
75264,
75263,
75262,
75261,
75259,
75257,
75255,
75254,
75252,
75250,
75249,
75248,
75246,
75243,
75241,
75239,
75238,
75237,
75236,
75235,
75234,
75231,
75230,
75228,
75227,
75226,
75225,
75224,
75222,
75221,
75220,
75219,
75218,
75217,
75216,
75215,
75214,
75213,
75212,
75210,
75208,
75207,
75206,
75205,
75203,
75202,
75201,
75197,
75195,
75194,
75193,
75192,
75191,
75190,
75189,
75187,
75186,
75184,
75183,
75182,
75181,
75180,
75177,
75173,
75168,
75163,
75162,
75161,
75160,
75159,
75158,
75155,
75150,
75149,
75148,
75147,
75146,
75145,
75143,
75141,
75140,
75139,
75138,
75137,
75136,
75135,
75134,
75133,
75132,
75128,
75127,
75126,
75125,
75124,
75123,
75121,
75116,
75114,
75113,
75112,
75111,
75110,
75109,
75108,
75107,
75106,
75105,
75102,
75099,
75098,
75097,
75096,
75095,
75087,
75082,
75077,
75076,
75075,
75074,
75072,
75071,
75070,
75069,
75068,
75066,
75065,
75064,
75063,
75062,
75057,
75056,
75054,
75047,
75044,
75043,
75041,
75039,
75038,
75036,
75035,
75034,
75033,
75032,
75031,
75029,
75028,
75027,
75025,
75024,
75023,
75022,
75017,
75016,
75015,
75002,
75001,
75000,
74999,
74998,
74996,
74995,
74994,
74993,
74990,
74989,
74988,
74987,
74986,
74984,
74957,
74956,
74953,
74949,
74948,
74946,
74945,
74944,
74943,
74942,
74937,
74934,
74930,
74929,
74927,
74926,
74921,
74919,
74918,
74917,
74916,
74915,
74914,
74913,
74912,
74911,
74910,
74903,
74902,
74901,
74900,
74899,
74898,
74897,
74896,
74894,
74893,
74891,
74889,
74888,
74887,
74886,
74885,
74884,
74882,
74878,
74876,
74874,
74873,
74872,
74868,
74867,
74866,
74865,
74863,
74862,
74856,
74855,
74854,
74853,
74852,
74851,
74850,
74849,
74848,
74847,
74846,
74845,
74844,
74843,
74841,
74839,
74838,
74837,
74836,
74835,
74834,
74833,
74832,
74829,
74828,
74827,
74820,
74818,
74816,
74815,
74813,
74812,
74811,
74810,
74809,
74808,
74807,
74806,
74805,
74804,
74801,
74800,
74795,
74794,
74793,
74791,
74787,
74784,
74782,
74779,
74778,
74777,
74776,
74775,
74774,
74773,
74772,
74771,
74770,
74769,
74768,
74767,
74766,
74765,
74763,
74762,
74760,
74758,
74757,
74754,
74753,
74752,
74751,
74750,
74749,
74748,
74747,
74746,
74744,
74743,
74741,
74740,
74739,
74738,
74736,
74735,
74734,
74733,
74731,
74730,
74729,
74726,
74723,
74720,
74719,
74718,
74717,
74716,
74715,
74714,
74713,
74712,
74711,
74710,
74709,
74704,
74703,
74699,
74698,
74697,
74694,
74693,
74692,
74691,
74690,
74689,
74688,
74686,
74685,
74679,
74678,
74677,
74676,
74675,
74671,
74667,
74664,
74662,
74659,
74658,
74657,
74656,
74655,
74654,
74653,
74652,
74651,
74650,
74649,
74648,
74647,
74646,
74645,
74644,
74643,
74641,
74640,
74639,
74638,
74637,
74636,
74634,
74633,
74631,
74630,
74629,
74628,
74627,
74621,
74620,
74617,
74616,
74614,
74613,
74612,
74610,
74608,
74607,
74606,
74605,
74604,
74603,
74602,
74601,
74600,
74599,
74596,
74595,
74593,
74592,
74589,
74587,
74586,
74584,
74580,
74579,
74578,
74577,
74576,
74575,
74573,
74572,
74571,
74570,
74569,
74568,
74567,
74566,
74565,
74563,
74562,
74561,
74560,
74559,
74558,
74555,
74554,
74553,
74552,
74551,
74550,
74549,
74548,
74547,
74546,
74543,
74541,
74540,
74538,
74537,
74536,
74534,
74532,
74531,
74530,
74528,
74527,
74526,
74525,
74524,
74523,
74521,
74518,
74517,
74516,
74515,
74513,
74510,
74509,
74505,
74499,
74498,
74496,
74494,
74490,
74489,
74488,
74486,
74485,
74484,
74483,
74482,
74481,
74480,
74479,
74478,
74477,
74476,
74475,
74472,
74471,
74469,
74468,
74467,
74466,
74465,
74464,
74463,
74460,
74459,
74458,
74449,
74448,
74447,
74446,
74445,
74444,
74443,
74442,
74441,
74440,
74439,
74438,
74437,
74435,
74434,
74433,
74432,
74431,
74430,
74429,
74428,
74427,
74426,
74425,
74424,
74423,
74421,
74419,
74418,
74417,
74416,
74415,
74414,
74413,
74412,
74411,
74410,
74409,
74408,
74407,
74406,
74405,
74404,
74403,
74402,
74401,
74400,
74399,
74397,
74396,
74395,
74394,
74393,
74392,
74391,
74390,
74387,
74386,
74385,
74384,
74383,
74381,
74380,
74379,
74378,
74377,
74376,
74375,
74374,
74367,
74366,
74365,
74364,
74363,
74362,
74361,
74360,
74359,
74358,
74356,
74355,
74354,
74353,
74351,
74350,
74349,
74348,
74347,
74346,
74345,
74344,
74343,
74341,
74340,
74339,
74338,
74337,
74335,
74334,
74333,
74332,
74331,
74328,
74327,
74310,
74309,
74308,
74307,
74305,
74304,
74303,
74302,
74301,
74300,
74298,
74297,
74293,
74292,
74291,
74289,
74287,
74286,
74284,
74280,
74279,
74278,
74277,
74276,
74275,
74274,
74273,
74272,
74271,
74270,
74267,
74266,
74265,
74264,
74263,
74261,
74260,
74259,
74258,
74257,
74256,
74255,
74253,
74252,
74251,
74250,
74248,
74247,
74246,
74245,
74243,
74241,
74238,
74236,
74235,
74234,
74232,
74231,
74229,
74227,
74226,
74224,
74223,
74219,
74218,
74216,
74215,
74214,
74213,
74212,
74211,
74210,
74209,
74208,
74206,
74205,
74204,
74203,
74202,
74198,
74197,
74196,
74195,
74194,
74193,
74191,
74190,
74189,
74188,
74187,
74186,
74185,
74184,
74181,
74180,
74179,
74178,
74176,
74175,
74173,
74172,
74171,
74170,
74169,
74168,
74166,
74165,
74164,
74163,
74162,
74161,
74160,
74159,
74158,
74157,
74156,
74155,
74154,
74153,
74150,
74148,
74147,
74146,
74145,
74144,
74143,
74141,
74140,
74139,
74138,
74137,
74136,
74135,
74134,
74130,
74129,
74128,
74127,
74126,
74124,
74123,
74122,
74121,
74117,
74116,
74115,
74113,
74112,
74111,
74110,
74109,
74108,
74107,
74104,
74103,
74102,
74101,
74100,
74098,
74097,
74096,
74095,
74094,
74092,
74090,
74088,
74087,
74086,
74085,
74084,
74083,
74082,
74078,
74077,
74076,
74075,
74074,
74073,
74070,
74069,
74068,
74067,
74066,
74065,
74064,
74063,
74062,
74061,
74060,
74059,
74058,
74053,
74051,
74048,
74047,
74044,
74042,
74041,
74038,
74036,
74035,
74034,
74033,
74032,
74031,
74030,
74029,
74028,
74027,
74026,
74025,
74024,
74023,
74022,
74021,
74020,
74019,
74018,
74017,
74016,
74015,
74005,
74004,
74003,
74002,
74001,
74000,
73999,
73998,
73997,
73996,
73995,
73994,
73992,
73991,
73989,
73988,
73987,
73986,
73985,
73984,
73983,
73981,
73980,
73979,
73978,
73977,
73975,
73974,
73972,
73971,
73970,
73969,
73968,
73966,
73965,
73964,
73962,
73960,
73959,
73958,
73954,
73953,
73950,
73949,
73948,
73947,
73946,
73945,
73944,
73943,
73942,
73941,
73940,
73939,
73938,
73936,
73935,
73934,
73933,
73932,
73931,
73930,
73928,
73927,
73926,
73925,
73924,
73923,
73922,
73921,
73919,
73917,
73916,
73915,
73914,
73912,
73911,
73910,
73909,
73908,
73907,
73906,
73905,
73901,
73900,
73899,
73898,
73897,
73896,
73895,
73894,
73893,
73892,
73891,
73886,
73879,
73877,
73875,
73873,
73870,
73869,
73868,
73867,
73866,
73855,
73854,
73853,
73852,
73851,
73850,
73849,
73848,
73847,
73846,
73845,
73844,
73843,
73842,
73839,
73836,
73835,
73834,
73833,
73832,
73831,
73830,
73829,
73828,
73827,
73823,
73822,
73821,
73820,
73819,
73818,
73817,
73816,
73811,
73810,
73807,
73806,
73805,
73803,
73802,
73801,
73799,
73798,
73794,
73793,
73792,
73786,
73785,
73784,
73783,
73782,
73780,
73779,
73777,
73776,
73775,
73772,
73768,
73765,
73764,
73763,
73762,
73761,
73760,
73759,
73758,
73753,
73752,
73750,
73749,
73748,
73747,
73746,
73745,
73744,
73743,
73741,
73740,
73739,
73738,
73737,
73736,
73735,
73734,
73731,
73730,
73729,
73728,
73727,
73726,
73724,
73722,
73720,
73718,
73717,
73716,
73713,
73712,
73711,
73710,
73709,
73708,
73707,
73706,
73705,
73704,
73696,
73693,
73692,
73691,
73690,
73689,
73686,
73685,
73684,
73683,
73682,
73681,
73676,
73675,
73674,
73673,
73672,
73671,
73670,
73669,
73668,
73667,
73666,
73665,
73664,
73663,
73662,
73654,
73650,
73646,
73645,
73644,
73639,
73637,
73636,
73634,
73633,
73632,
73631,
73629,
73628,
73627,
73626,
73625,
73623,
73622,
73621,
73620,
73619,
73618,
73614,
73613,
73611,
73610,
73609,
73608,
73607,
73603,
73602,
73601,
73599,
73598,
73597,
73596,
73595,
73594,
73593,
73592,
73591,
73590,
73589,
73588,
73586,
73579,
73578,
73577,
73576,
73574,
73573,
73572,
73569,
73568,
73567,
73566,
73565,
73564,
73563,
73562,
73561,
73560,
73559,
73558,
73557,
73556,
73555,
73554,
73553,
73552,
73548,
73546,
73544,
73543,
73541,
73540,
73538,
73537,
73533,
73532,
73529,
73525,
73523,
73521,
73519,
73516,
73513,
73509,
73508,
73507,
73506,
73505,
73504,
73503,
73502,
73501,
73500,
73499,
73498,
73497,
73496,
73495,
73494,
73493,
73491,
73488,
73487,
73486,
73485,
73481,
73480,
73479,
73478,
73477,
73474,
73473,
73471,
73470,
73469,
73468,
73467,
73466,
73465,
73464,
73463,
73462,
73461,
73460,
73459,
73458,
73457,
73456,
73454,
73453,
73450,
73446,
73445,
73444,
73443,
73438,
73434,
73430,
73429,
73427,
73426,
73425,
73424,
73423,
73422,
73421,
73419,
73418,
73417,
73416,
73415,
73414,
73413,
73412,
73410,
73405,
73404,
73401,
73400,
73399,
73398,
73397,
73395,
73394,
73393,
73392,
73391,
73390,
73388,
73386,
73385,
73384,
73383,
73382,
73381,
73380,
73379,
73378,
73377,
73376,
73373,
73370,
73369,
73368,
73367,
73366,
73365,
73364,
73363,
73362,
73361,
73359,
73358,
73355,
73354,
73352,
73351,
73349,
73348,
73347,
73345,
73344,
73343,
73341,
73338,
73337,
73336,
73335,
73334,
73333,
73330,
73329,
73327,
73326,
73325,
73324,
73323,
73321,
73319,
73318,
73317,
73316,
73315,
73314,
73313,
73312,
73311,
73310,
73306,
73303,
73302,
73301,
73299,
73298,
73296,
73295,
73294,
73292,
73291,
73290,
73289,
73288,
73287,
73286,
73285,
73284,
73283,
73282,
73281,
73280,
73279,
73274,
73273,
73272,
73271,
73270,
73269,
73268,
73266,
73265,
73264,
73263,
73262,
73260,
73259,
73258,
73257,
73256,
73255,
73254,
73253,
73252,
73250,
73248,
73247,
73246,
73245,
73244,
73243,
73242,
73240,
73239,
73236,
73232,
73231,
73230,
73228,
73227,
73226,
73225,
73224,
73223,
73222,
73221,
73219,
73217,
73215,
73214,
73213,
73212,
73211,
73210,
73209,
73207,
73206,
73205,
73204,
73202,
73201,
73200,
73197,
73196,
73195,
73194,
73193,
73192,
73191,
73190,
73189,
73188,
73187,
73185,
73184,
73183,
73182,
73181,
73180,
73179,
73178,
73176,
73175,
73174,
73173,
73167,
73162,
73161,
73160,
73159,
73156,
73154,
73153,
73152,
73151,
73150,
73149,
73148,
73147,
73145,
73144,
73143,
73142,
73140,
73139,
73138,
73135,
73134,
73132,
73128,
73127,
73126,
73125,
73124,
73123,
73122,
73120,
73119,
73118,
73117,
73109,
73108,
73107,
73106,
73105,
73104,
73103,
73102,
73101,
73100,
73099,
73098,
73094,
73090,
73088,
73087,
73086,
73085,
73084,
73083,
73081,
73080,
73079,
73077,
73075,
73071,
73070,
73057,
73054,
73052,
73050,
73049,
73045,
73043,
73038,
73037,
73036,
73026,
73025,
73024,
73023,
73020,
73018,
73014,
73013,
73012,
73011,
73010,
73009,
73007,
73006,
73004,
73003,
73002,
73000,
72999,
72997,
72996,
72995,
72988,
72987,
72986,
72985,
72984,
72983,
72982,
72981,
72980,
72979,
72978,
72977,
72976,
72975,
72974,
72973,
72972,
72971,
72970,
72969,
72968,
72967,
72966,
72965,
72964,
72963,
72962,
72961,
72960,
72958,
72950,
72948,
72947,
72946,
72945,
72944,
72942,
72941,
72940,
72938,
72936,
72935,
72933,
72932,
72931,
72930,
72929,
72928,
72927,
72926,
72925,
72920,
72919,
72913,
72912,
72911,
72910,
72909,
72908,
72907,
72905,
72904,
72903,
72902,
72901,
72899,
72898,
72897,
72896,
72894,
72893,
72892,
72891,
72890,
72888,
72885,
72884,
72883,
72872,
72870,
72869,
72867,
72866,
72865,
72863,
72862,
72861,
72860,
72859,
72858,
72856,
72855,
72854,
72853,
72852,
72851,
72850,
72849,
72848,
72847,
72842,
72833,
72831,
72830,
72829,
72828,
72827,
72826,
72824,
72823,
72821,
72820,
72818,
72817,
72812,
72811,
72810,
72809,
72808,
72807,
72806,
72805,
72803,
72802,
72801,
72796,
72795,
72794,
72793,
72788,
72786,
72784,
72783,
72782,
72781,
72780,
72779,
72778,
72777,
72773,
72772,
72771,
72770,
72768,
72765,
72762,
72761,
72759,
72757,
72755,
72754,
72752,
72751,
72746,
72743,
72742,
72741,
72740,
72739,
72738,
72737,
72736,
72735,
72726,
72725,
72724,
72723,
72722,
72721,
72720,
72719,
72718,
72717,
72716,
72715,
72713,
72711,
72708,
72707,
72706,
72705,
72704,
72703,
72702,
72701,
72700,
72699,
72698,
72697,
72696,
72694,
72691,
72689,
72687,
72686,
72684,
72683,
72682,
72681,
72679,
72678,
72676,
72674,
72672,
72670,
72669,
72665,
72656,
72654,
72653,
72651,
72650,
72648,
72647,
72646,
72645,
72644,
72643,
72640,
72637,
72636,
72630,
72629,
72627,
72625,
72624,
72623,
72618,
72615,
72613,
72611,
72610,
72609,
72608,
72607,
72606,
72605,
72601,
72600,
72595,
72594,
72593,
72591,
72589,
72588,
72587,
72586,
72585,
72583,
72582,
72581,
72580,
72577,
72576,
72575,
72574,
72573,
72572,
72571,
72570,
72569,
72568,
72567,
72566,
72564,
72563,
72562,
72561,
72556,
72553,
72552,
72550,
72547,
72546,
72545,
72543,
72542,
72541,
72540,
72539,
72538,
72537,
72536,
72533,
72532,
72531,
72527,
72526,
72525,
72524,
72523,
72522,
72521,
72520,
72519,
72518,
72517,
72516,
72515,
72514,
72513,
72509,
72506,
72505,
72504,
72503,
72502,
72501,
72500,
72499,
72497,
72496,
72495,
72494,
72493,
72492,
72491,
72488,
72486,
72485,
72484,
72482,
72481,
72479,
72477,
72473,
72472,
72470,
72469,
72468,
72467,
72465,
72463,
72461,
72460,
72458,
72455,
72453,
72451,
72450,
72448,
72447,
72446,
72445,
72444,
72443,
72440,
72439,
72438,
72436,
72435,
72433,
72432,
72431,
72430,
72429,
72426,
72424,
72423,
72422,
72421,
72420,
72418,
72417,
72416,
72414,
72413,
72412,
72411,
72410,
72409,
72406,
72405,
72404,
72403,
72402,
72401,
72400,
72399,
72398,
72397,
72396,
72395,
72394,
72393,
72391,
72390,
72388,
72385,
72378,
72370,
72369,
72368,
72367,
72366,
72365,
72364,
72363,
72362,
72361,
72360,
72359,
72358,
72356,
72355,
72349,
72345,
72344,
72343,
72341,
72340,
72339,
72338,
72337,
72336,
72335,
72334,
72333,
72330,
72329,
72328,
72326,
72324,
72322,
72320,
72319,
72318,
72317,
72313,
72312,
72307,
72305,
72304,
72303,
72302,
72301,
72300,
72299,
72298,
72296,
72295,
72293,
72292,
72290,
72288,
72287,
72286,
72285,
72284,
72281,
72280,
72279,
72278,
72277,
72274,
72273,
72272,
72271,
72270,
72269,
72268,
72267,
72266,
72265,
72264,
72261,
72260,
72259,
72258,
72257,
72256,
72255,
72251,
72250,
72249,
72246,
72243,
72242,
72241,
72240,
72238,
72237,
72236,
72234,
72233,
72232,
72231,
72228,
72227,
72226,
72225,
72224,
72223,
72222,
72221,
72220,
72218,
72217,
72216,
72215,
72214,
72213,
72212,
72211,
72200,
72199,
72194,
72193,
72192,
72191,
72186,
72183,
72177,
72176,
72175,
72170,
72169,
72168,
72166,
72165,
72161,
72160,
72159,
72158,
72157,
72156,
72155,
72151,
72150,
72148,
72147,
72142,
72134,
72131,
72128,
72127,
72126,
72125,
72123,
72117,
72116,
72112,
72109,
72108,
72106,
72105,
72102,
72101,
72099,
72096,
72087,
72083,
72082,
72081,
72074,
72072,
72071,
72070,
72061,
72059,
72058,
72056,
72055,
72054,
72053,
72051,
72050,
72049,
72047,
72040,
72039,
72038,
72037,
72036,
72035,
72034,
72032,
72031,
72030,
72029,
72028,
72027,
72026,
72024,
72023,
72022,
72020,
72018,
72017,
72014,
72013,
72012,
72011,
72009,
72008,
72006,
72004,
72003,
72002,
72001,
72000,
71999,
71996,
71995,
71993,
71992,
71991,
71990,
71989,
71988,
71987,
71986,
71985,
71984,
71983,
71982,
71981,
71979,
71977,
71975,
71974,
71973,
71972,
71969,
71965,
71963,
71961,
71960,
71957,
71956,
71953,
71952,
71951,
71950,
71949,
71947,
71946,
71945,
71944,
71943,
71940,
71939,
71937,
71935,
71934,
71932,
71931,
71927,
71926,
71925,
71924,
71917,
71916,
71915,
71913,
71912,
71911,
71910,
71909,
71908,
71905,
71903,
71901,
71898,
71897,
71896,
71890,
71889,
71888,
71887,
71884,
71883,
71877,
71876,
71875,
71874,
71873,
71871,
71870,
71869,
71861,
71860,
71858,
71853,
71850,
71848,
71843,
71842,
71841,
71840,
71839,
71838,
71834,
71833,
71829,
71828,
71827,
71826,
71825,
71824,
71823,
71822,
71821,
71820,
71818,
71817,
71816,
71815,
71814,
71813,
71812,
71811,
71810,
71809,
71808,
71807,
71806,
71805,
71804,
71803,
71798,
71797,
71796,
71795,
71794,
71793,
71791,
71790,
71789,
71786,
71785,
71784,
71783,
71781,
71780,
71779,
71778,
71777,
71776,
71774,
71773,
71772,
71771,
71770,
71769,
71768,
71766,
71764,
71763,
71753,
71752,
71751,
71750,
71748,
71747,
71746,
71745,
71744,
71743,
71741,
71738,
71736,
71734,
71733,
71731,
71730,
71729,
71728,
71727,
71726,
71723,
71722,
71721,
71720,
71718,
71717,
71715,
71714,
71709,
71708,
71707,
71706,
71704,
71701,
71700,
71699,
71697,
71696,
71694,
71692,
71690,
71688,
71685,
71682,
71681,
71680,
71679,
71678,
71677,
71676,
71675,
71674,
71673,
71671,
71670,
71669,
71668,
71666,
71664,
71663,
71658,
71654,
71653,
71652,
71651,
71650,
71649,
71648,
71647,
71645,
71643,
71642,
71641,
71640,
71639,
71638,
71635,
71634,
71633,
71632,
71631,
71630,
71629,
71627,
71626,
71625,
71622,
71621,
71620,
71619,
71617,
71616,
71615,
71614,
71613,
71610,
71609,
71608,
71607,
71606,
71605,
71602,
71599,
71597,
71594,
71593,
71592,
71591,
71590,
71589,
71588,
71586,
71585,
71582,
71581,
71580,
71579,
71578,
71577,
71576,
71575,
71574,
71573,
71571,
71568,
71567,
71566,
71565,
71564,
71563,
71561,
71557,
71556,
71555,
71554,
71553,
71552,
71551,
71550,
71549,
71547,
71546,
71544,
71543,
71542,
71541,
71540,
71537,
71535,
71533,
71532,
71531,
71530,
71528,
71526,
71522,
71518,
71517,
71516,
71513,
71510,
71501,
71500,
71499,
71496,
71495,
71491,
71490,
71489,
71488,
71487,
71486,
71483,
71480,
71479,
71478,
71477,
71476,
71474,
71473,
71472,
71471,
71470,
71468,
71467,
71465,
71462,
71461,
71459,
71458,
71457,
71456,
71455,
71454,
71453,
71452,
71451,
71447,
71446,
71445,
71444,
71443,
71441,
71440,
71435,
71430,
71427,
71425,
71424,
71423,
71422,
71420,
71419,
71418,
71417,
71415,
71414,
71413,
71412,
71410,
71409,
71408,
71406,
71405,
71404,
71403,
71401,
71395,
71394,
71390,
71389,
71388,
71387,
71386,
71383,
71382,
71381,
71380,
71379,
71378,
71377,
71376,
71374,
71373,
71372,
71371,
71370,
71367,
71366,
71364,
71362,
71360,
71354,
71351,
71348,
71346,
71345,
71344,
71343,
71340,
71339,
71338,
71336,
71335,
71334,
71333,
71332,
71331,
71330,
71329,
71326,
71325,
71324,
71320,
71319,
71316,
71315,
71314,
71313,
71312,
71311,
71310,
71309,
71308,
71303,
71300,
71299,
71298,
71297,
71295,
71293,
71292,
71291,
71289,
71288,
71287,
71286,
71285,
71284,
71283,
71282,
71281,
71276,
71275,
71267,
71266,
71265,
71264,
71263,
71262,
71261,
71260,
71259,
71258,
71257,
71256,
71254,
71252,
71251,
71250,
71248,
71247,
71245,
71244,
71243,
71241,
71239,
71238,
71237,
71236,
71235,
71232,
71231,
71230,
71228,
71227,
71226,
71225,
71224,
71223,
71222,
71221,
71220,
71218,
71217,
71216,
71215,
71214,
71213,
71212,
71210,
71208,
71205,
71200,
71196,
71194,
71192,
71191,
71190,
71189,
71188,
71187,
71186,
71184,
71182,
71181,
71179,
71178,
71159,
71158,
71157,
71156,
71152,
71151,
71150,
71149,
71148,
71147,
71146,
71144,
71143,
71142,
71141,
71139,
71138,
71137,
71136,
71135,
71134,
71133,
71132,
71131,
71130,
71122,
71121,
71120,
71119,
71118,
71117,
71116,
71115,
71114,
71110,
71109,
71107,
71106,
71105,
71104,
71103,
71101,
71100,
71098,
71093,
71092,
71089,
71083,
71082,
71081,
71080,
71078,
71070,
71069,
71065,
71064,
71063,
71062,
71060,
71059,
71058,
71057,
71056,
71055,
71054,
71053,
71052,
71051,
71050,
71049,
71048,
71046,
71045,
71044,
71039,
71037,
71032,
71031,
71029,
71028,
71027,
71026,
71025,
71024,
71021,
71019,
71018,
71017,
71016,
71015,
71013,
71010,
71009,
71005,
71003,
71002,
71001,
71000,
70999,
70998,
70997,
70992,
70991,
70990,
70989,
70988,
70987,
70986,
70985,
70983,
70982,
70981,
70979,
70926,
70925,
70924,
70923,
70922,
70921,
70920,
70919,
70916,
70915,
70912,
70911,
70910,
70908,
70907,
70904,
70902,
70901,
70900,
70899,
70898,
70897,
70896,
70895,
70893,
70852,
70851,
70850,
70849,
70845,
70844,
70843,
70842,
70835,
70834,
70811,
70809,
70808,
70807,
70805,
70804,
70803,
70802,
70801,
70800,
70798,
70797,
70795,
70794,
70793,
70792,
70791,
70789,
70788,
70787,
70786,
70784,
70783,
70782,
70781,
70780,
70777,
70774,
70773,
70772,
70771,
70769,
70768,
70767,
70766,
70765,
70764,
70763,
70762,
70760,
70759,
70758,
70757,
70756,
70755,
70754,
70752,
70751,
70750,
70749,
70748,
70746,
70744,
70743,
70741,
70740,
70737,
70736,
70735,
70734,
70733,
70731,
70730,
70728,
70726,
70724,
70723,
70722,
70720,
70719,
70718,
70717,
70716,
70714,
70713,
70711,
70710,
70708,
70707,
70706,
70705,
70704,
70703,
70700,
70699,
70698,
70697,
70696,
70694,
70693,
70692,
70690,
70689,
70688,
70687,
70686,
70683,
70681,
70680,
70679,
70678,
70677,
70674,
70661,
70657,
70656,
70654,
70653,
70651,
70650,
70648,
70647,
70646,
70645,
70644,
70643,
70642,
70641,
70640,
70639,
70636,
70635,
70634,
70632,
70631,
70629,
70628,
70626,
70625,
70624,
70623,
70620,
70619,
70617,
70615,
70613,
70612,
70611,
70609,
70608,
70607,
70606,
70604,
70601,
70600,
70599,
70598,
70597,
70596,
70594,
70593,
70591,
70590,
70589,
70588,
70587,
70586,
70585,
70581,
70579,
70577,
70576,
70575,
70574,
70573,
70571,
70570,
70569,
70568,
70567,
70566,
70565,
70564,
70563,
70562,
70560,
70559,
70558,
70555,
70553,
70552,
70549,
70548,
70547,
70545,
70543,
70542,
70541,
70540,
70539,
70538,
70537,
70536,
70535,
70534,
70533,
70532,
70531,
70529,
70528,
70527,
70526,
70524,
70520,
70519,
70518,
70506,
70505,
70504,
70503,
70501,
70499,
70498,
70497,
70496,
70495,
70494,
70493,
70492,
70491,
70490,
70489,
70488,
70486,
70485,
70484,
70483,
70482,
70481,
70479,
70478,
70473,
70472,
70470,
70467,
70466,
70465,
70464,
70463,
70462,
70461,
70460,
70459,
70458,
70455,
70454,
70453,
70450,
70448,
70447,
70446,
70445,
70442,
70436,
70435,
70433,
70429,
70428,
70427,
70426,
70423,
70421,
70420,
70419,
70418,
70417,
70416,
70414,
70400,
70399,
70398,
70397,
70396,
70394,
70393,
70392,
70391,
70390,
70389,
70388,
70387,
70386,
70383,
70382,
70381,
70380,
70379,
70378,
70376,
70375,
70374,
70373,
70370,
70367,
70366,
70365,
70364,
70362,
70361,
70359,
70358,
70357,
70356,
70355,
70353,
70349,
70346,
70343,
70342,
70341,
70340,
70339,
70338,
70337,
70336,
70335,
70334,
70333,
70332,
70331,
70330,
70329,
70328,
70325,
70324,
70322,
70320,
70319,
70318,
70317,
70316,
70313,
70311,
70310,
70309,
70308,
70307,
70306,
70305,
70304,
70302,
70301,
70299,
70297,
70293,
70291,
70290,
70289,
70287,
70285,
70283,
70282,
70281,
70280,
70279,
70277,
70276,
70275,
70271,
70270,
70267,
70266,
70265,
70264,
70263,
70262,
70261,
70260,
70259,
70258,
70255,
70254,
70252,
70248,
70244,
70243,
70242,
70239,
70234,
70233,
70232,
70231,
70230,
70229,
70227,
70226,
70225,
70224,
70223,
70222,
70220,
70212,
70211,
70210,
70209,
70208,
70207,
70206,
70205,
70204,
70203,
70202,
70201,
70200,
70199,
70198,
70197,
70195,
70194,
70193,
70192,
70191,
70190,
70188,
70187,
70186,
70185,
70184,
70183,
70182,
70181,
70180,
70179,
70178,
70177,
70175,
70170,
70169,
70168,
70164,
70163,
70162,
70161,
70160,
70159,
70158,
70157,
70156,
70155,
70154,
70145,
70128,
70126,
70125,
70124,
70123,
70122,
70118,
70117,
70116,
70114,
70113,
70112,
70111,
70110,
70109,
70108,
70107,
70105,
70104,
70103,
70102,
70101,
70099,
70098,
70097,
70096,
70095,
70094,
70092,
70091,
70090,
70089,
70085,
70084,
70083,
70082,
70080,
70079,
70078,
70077,
70076,
70075,
70074,
70072,
70071,
70070,
70067,
70066,
70065,
70064,
70063,
70062,
70061,
70060,
70059,
70058,
70056,
70055,
70053,
70052,
70051,
70050,
70049,
70048,
70042,
70041,
70037,
70036,
70035,
70034,
70033,
70032,
70031,
70029,
70028,
70027,
70026,
70025,
70024,
70023,
70019,
70018,
70017,
70015,
70006,
70004,
70003,
70000,
69999,
69998,
69997,
69996,
69995,
69994,
69993,
69992,
69991,
69990,
69989,
69988,
69987,
69986,
69985,
69984,
69983,
69982,
69981,
69980,
69979,
69978,
69976,
69974,
69972,
69967,
69964,
69963,
69962,
69961,
69959,
69957,
69955,
69954,
69953,
69951,
69949,
69948,
69946,
69945,
69944,
69943,
69942,
69941,
69940,
69934,
69930,
69927,
69925,
69924,
69922,
69921,
69920,
69918,
69917,
69916,
69915,
69914,
69913,
69908,
69905,
69904,
69903,
69900,
69899,
69898,
69897,
69896,
69895,
69894,
69893,
69892,
69888,
69886,
69885,
69884,
69883,
69882,
69881,
69880,
69879,
69878,
69877,
69876,
69866,
69865,
69863,
69862,
69861,
69860,
69859,
69858,
69857,
69856,
69855,
69854,
69853,
69852,
69851,
69850,
69849,
69848,
69847,
69846,
69845,
69844,
69842,
69840,
69839,
69838,
69837,
69836,
69833,
69830,
69827,
69826,
69825,
69824,
69823,
69821,
69818,
69817,
69813,
69811,
69808,
69805,
69804,
69803,
69802,
69801,
69800,
69797,
69796,
69795,
69793,
69792,
69789,
69788,
69787,
69786,
69785,
69784,
69783,
69782,
69781,
69777,
69776,
69775,
69774,
69773,
69772,
69771,
69770,
69769,
69768,
69767,
69766,
69765,
69764,
69763,
69762,
69761,
69760,
69758,
69757,
69756,
69755,
69753,
69750,
69749,
69746,
69745,
69744,
69743,
69741,
69739,
69738,
69737,
69734,
69733,
69732,
69731,
69730,
69729,
69728,
69727,
69726,
69725,
69724,
69723,
69722,
69721,
69720,
69719,
69718,
69716,
69712,
69711,
69710,
69709,
69708,
69707,
69705,
69704,
69703,
69701,
69700,
69698,
69697,
69691,
69690,
69688,
69687,
69686,
69685,
69684,
69683,
69682,
69681,
69679,
69678,
69677,
69676,
69674,
69671,
69670,
69669,
69668,
69667,
69666,
69665,
69664,
69662,
69661,
69660,
69658,
69657,
69655,
69654,
69652,
69650,
69649,
69648,
69647,
69646,
69645,
69644,
69643,
69642,
69641,
69640,
69638,
69637,
69636,
69634,
69632,
69631,
69630,
69629,
69628,
69627,
69626,
69614,
69602,
69601,
69586,
69585,
69583,
69580,
69577,
69575,
69574,
69573,
69572,
69553,
69552,
69551,
69550,
69549,
69548,
69547,
69546,
69545,
69544,
69543,
69542,
69541,
69540,
69539,
69538,
69536,
69535,
69534,
69533,
69532,
69531,
69528,
69525,
69524,
69523,
69522,
69521,
69520,
69519,
69517,
69516,
69515,
69514,
69513,
69512,
69511,
69510,
69509,
69508,
69507,
69506,
69505,
69504,
69503,
69502,
69501,
69499,
69498,
69497,
69496,
69495,
69494,
69493,
69492,
69491,
69490,
69489,
69488,
69487,
69484,
69483,
69482,
69480,
69478,
69477,
69476,
69475,
69474,
69473,
69472,
69470,
69469,
69468,
69467,
69466,
69465,
69464,
69463,
69462,
69461,
69460,
69459,
69458,
69457,
69456,
69455,
69454,
69453,
69452,
69451,
69450,
69449,
69446,
69445,
69444,
69442,
69437,
69436,
69434,
69433,
69432,
69431,
69430,
69429,
69428,
69427,
69426,
69425,
69424,
69423,
69422,
69421,
69420,
69419,
69418,
69417,
69415,
69412,
69411,
69410,
69409,
69408,
69407,
69406,
69405,
69403,
69402,
69401,
69400,
69398,
69397,
69396,
69395,
69394,
69393,
69392,
69391,
69390,
69389,
69388,
69387,
69386,
69385,
69384,
69383,
69382,
69381,
69378,
69377,
69376,
69374,
69371,
69370,
69369,
69368,
69367,
69366,
69365,
69364,
69363,
69362,
69361,
69360,
69359,
69357,
69355,
69352,
69351,
69350,
69349,
69348,
69347,
69346,
69345,
69344,
69341,
69340,
69339,
69338,
69334,
69333,
69332,
69331,
69330,
69329,
69328,
69325,
69323,
69322,
69321,
69320,
69319,
69318,
69317,
69316,
69315,
69313,
69312,
69311,
69310,
69309,
69308,
69307,
69306,
69305,
69304,
69303,
69299,
69298,
69297,
69296,
69293,
69292,
69290,
69289,
69288,
69286,
69285,
69284,
69283,
69282,
69280,
69278,
69275,
69274,
69273,
69272,
69271,
69270,
69269,
69268,
69267,
69266,
69265,
69264,
69263,
69262,
69261,
69260,
69259,
69254,
69253,
69252,
69251,
69250,
69249,
69248,
69247,
69246,
69245,
69244,
69243,
69242,
69241,
69240,
69235,
69232,
69231,
69230,
69229,
69228,
69227,
69226,
69225,
69224,
69222,
69221,
69220,
69219,
69218,
69217,
69216,
69215,
69214,
69213,
69212,
69209,
69208,
69207,
69204,
69203,
69202,
69201,
69200,
69199,
69198,
69197,
69196,
69195,
69194,
69187,
69185,
69184,
69183,
69181,
69179,
69178,
69177,
69175,
69172,
69171,
69170,
69167,
69166,
69165,
69164,
69163,
69162,
69161,
69160,
69159,
69158,
69157,
69156,
69153,
69152,
69151,
69148,
69147,
69145,
69144,
69141,
69140,
69139,
69136,
69135,
69133,
69132,
69131,
69130,
69129,
69128,
69127,
69125,
69123,
69117,
69116,
69115,
69114,
69113,
69112,
69109,
69108,
69107,
69106,
69105,
69104,
69103,
69102,
69101,
69100,
69099,
69098,
69097,
69096,
69095,
69093,
69092,
69091,
69090,
69088,
69087,
69086,
69085,
69084,
69082,
69081,
69080,
69079,
69078,
69074,
69073,
69070,
69069,
69067,
69066,
69065,
69064,
69062,
69061,
69060,
69059,
69058,
69057,
69056,
69054,
69053,
69052,
69050,
69049,
69045,
69042,
69041,
69040,
69039,
69036,
69035,
69034,
69033,
69032,
69031,
69029,
69028,
69026,
69023,
69021,
69020,
69019,
69018,
69016,
69015,
69014,
69011,
69009,
69008,
69007,
69006,
69005,
69004,
69003,
69002,
68999,
68998,
68997,
68996,
68995,
68993,
68992,
68990,
68989,
68988,
68987,
68986,
68985,
68984,
68983,
68982,
68981,
68979,
68978,
68977,
68976,
68975,
68974,
68973,
68972,
68971,
68970,
68969,
68968,
68967,
68966,
68965,
68964,
68962,
68961,
68960,
68957,
68955,
68954,
68951,
68950,
68948,
68947,
68946,
68945,
68943,
68942,
68941,
68940,
68939,
68938,
68937,
68936,
68935,
68934,
68933,
68932,
68931,
68930,
68929,
68928,
68927,
68926,
68924,
68922,
68919,
68918,
68917,
68916,
68915,
68914,
68913,
68912,
68911,
68909,
68907,
68902,
68900,
68899,
68898,
68897,
68896,
68895,
68894,
68893,
68892,
68891,
68890,
68889,
68888,
68887,
68885,
68884,
68883,
68882,
68881,
68880,
68879,
68878,
68877,
68876,
68875,
68874,
68873,
68871,
68870,
68869,
68867,
68864,
68862,
68861,
68860,
68859,
68858,
68857,
68856,
68855,
68854,
68853,
68852,
68851,
68850,
68849,
68848,
68847,
68846,
68845,
68844,
68843,
68838,
68837,
68836,
68835,
68834,
68833,
68829,
68827,
68826,
68824,
68822,
68821,
68819,
68818,
68816,
68814,
68813,
68811,
68809,
68808,
68807,
68806,
68805,
68804,
68803,
68799,
68798,
68796,
68795,
68794,
68793,
68792,
68790,
68789,
68788,
68787,
68786,
68785,
68784,
68783,
68782,
68781,
68780,
68779,
68778,
68777,
68776,
68775,
68774,
68773,
68772,
68771,
68770,
68769,
68768,
68767,
68766,
68765,
68764,
68763,
68762,
68761,
68756,
68755,
68754,
68753,
68752,
68751,
68750,
68747,
68740,
68737,
68736,
68735,
68734,
68733,
68732,
68731,
68730,
68729,
68728,
68727,
68726,
68724,
68723,
68722,
68719,
68718,
68717,
68716,
68713,
68712,
68711,
68710,
68709,
68708,
68707,
68706,
68703,
68702,
68701,
68700,
68699,
68698,
68697,
68696,
68695,
68694,
68693,
68690,
68686,
68685,
68684,
68683,
68681,
68677,
68675,
68674,
68673,
68672,
68671,
68670,
68669,
68668,
68667,
68666,
68665,
68661,
68659,
68655,
68654,
68647,
68646,
68645,
68644,
68643,
68642,
68641,
68640,
68639,
68638,
68637,
68636,
68635,
68634,
68633,
68632,
68631,
68630,
68628,
68626,
68625,
68624,
68622,
68621,
68620,
68615,
68596,
68595,
68594,
68593,
68592,
68589,
68588,
68587,
68586,
68585,
68580,
68575,
68573,
68571,
68569,
68568,
68567,
68566,
68565,
68564,
68563,
68556,
68551,
68550,
68549,
68548,
68546,
68543,
68542,
68540,
68536,
68531,
68525,
68524,
68523,
68520,
68519,
68518,
68517,
68516,
68515,
68513,
68511,
68510,
68509,
68508,
68502,
68501,
68500,
68498,
68496,
68494,
68493,
68492,
68491,
68489,
68485,
68484,
68481,
68477,
68475,
68474,
68473,
68472,
68471,
68470,
68469,
68468,
68466,
68464,
68463,
68461,
68460,
68459,
68456,
68455,
68447,
68446,
68445,
68444,
68443,
68441,
68439,
68438,
68437,
68436,
68435,
68433,
68432,
68430,
68428,
68426,
68424,
68423,
68422,
68421,
68415,
68414,
68413,
68409,
68408,
68407,
68406,
68405,
68404,
68403,
68402,
68401,
68400,
68399,
68398,
68397,
68396,
68384,
68383,
68382,
68381,
68378,
68377,
68376,
68374,
68372,
68369,
68368,
68367,
68366,
68365,
68364,
68363,
68362,
68359,
68356,
68354,
68351,
68350,
68349,
68348,
68347,
68346,
68341,
68339,
68338,
68337,
68336,
68335,
68334,
68333,
68332,
68331,
68330,
68328,
68327,
68326,
68325,
68324,
68323,
68322,
68318,
68314,
68313,
68312,
68311,
68310,
68309,
68308,
68307,
68306,
68305,
68304,
68303,
68302,
68301,
68300,
68298,
68297,
68294,
68288,
68282,
68281,
68274,
68272,
68271,
68270,
68269,
68268,
68267,
68266,
68259,
68258,
68257,
68256,
68255,
68254,
68253,
68252,
68251,
68249,
68247,
68245,
68244,
68243,
68239,
68238,
68237,
68236,
68235,
68234,
68233,
68232,
68230,
68229,
68228,
68227,
68226,
68225,
68224,
68223,
68222,
68221,
68220,
68219,
68217,
68216,
68215,
68214,
68210,
68207,
68206,
68205,
68203,
68201,
68200,
68199,
68198,
68197,
68195,
68192,
68191,
68176,
68175,
68174,
68173,
68172,
68171,
68169,
68168,
68165,
68164,
68163,
68162,
68160,
68159,
68158,
68157,
68154,
68153,
68152,
68151,
68150,
68149,
68146,
68145,
68142,
68140,
68139,
68133,
68129,
68128,
68127,
68126,
68125,
68124,
68122,
68121,
68120,
68119,
68118,
68116,
68113,
68111,
68107,
68105,
68103,
68102,
68099,
68098,
68097,
68096,
68078,
68077,
68076,
68075,
68074,
68073,
68072,
68071,
68070,
68069,
68068,
68067,
68066,
68065,
68064,
68062,
68061,
68059,
68058,
68057,
68056,
68055,
68054,
68053,
68052,
68051,
68050,
68049,
68048,
68047,
68046,
68045,
68043,
68038,
68037,
68036,
68035,
68034,
68033,
68032,
68031,
68030,
68029,
68027,
68014,
68007,
68006,
68005,
68004,
68003,
68002,
68001,
67999,
67995,
67991,
67990,
67989,
67988,
67987,
67986,
67985,
67984,
67983,
67982,
67981,
67980,
67978,
67973,
67972,
67971,
67970,
67969,
67968,
67967,
67966,
67965,
67964,
67963,
67962,
67961,
67960,
67958,
67955,
67953,
67952,
67951,
67948,
67947,
67946,
67945,
67944,
67943,
67940,
67938,
67930,
67929,
67928,
67927,
67926,
67925,
67924,
67923,
67922,
67921,
67920,
67919,
67916,
67915,
67914,
67913,
67908,
67907,
67905,
67904,
67903,
67902,
67901,
67900,
67899,
67893,
67892,
67891,
67890,
67887,
67883,
67882,
67881,
67880,
67879,
67878,
67877,
67876,
67874,
67872,
67871,
67870,
67869,
67868,
67867,
67866,
67865,
67860,
67859,
67858,
67857,
67855,
67852,
67851,
67850,
67849,
67848,
67847,
67845,
67844,
67843,
67842,
67841,
67839,
67838,
67837,
67835,
67833,
67828,
67827,
67826,
67820,
67818,
67817,
67816,
67815,
67814,
67812,
67811,
67810,
67809,
67808,
67807,
67806,
67805,
67804,
67799,
67798,
67797,
67796,
67795,
67794,
67793,
67792,
67791,
67790,
67789,
67788,
67774,
67773,
67772,
67771,
67770,
67769,
67768,
67766,
67765,
67763,
67762,
67759,
67758,
67756,
67755,
67754,
67753,
67752,
67751,
67749,
67748,
67746,
67745,
67744,
67743,
67741,
67740,
67737,
67735,
67731,
67730,
67728,
67727,
67726,
67723,
67722,
67721,
67720,
67719,
67718,
67717,
67711,
67710,
67709,
67708,
67707,
67706,
67705,
67704,
67703,
67702,
67701,
67692,
67691,
67690,
67689,
67688,
67687,
67685,
67683,
67680,
67635,
67634,
67633,
67632,
67631,
67629,
67628,
67627,
67626,
67624,
67621,
67620,
67619,
67618,
67617,
67615,
67614,
67612,
67611,
67610,
67608,
67607,
67600,
67599,
67598,
67597,
67593,
67587,
67586,
67585,
67584,
67583,
67582,
67581,
67580,
67578,
67576,
67575,
67574,
67573,
67572,
67571,
67570,
67569,
67568,
67567,
67566,
67564,
67563,
67561,
67560,
67555,
67554,
67553,
67552,
67551,
67550,
67549,
67547,
67546,
67545,
67544,
67543,
67536,
67531,
67530,
67529,
67528,
67527,
67526,
67523,
67522,
67520,
67515,
67514,
67513,
67512,
67509,
67508,
67507,
67506,
67504,
67502,
67501,
67500,
67498,
67497,
67496,
67495,
67494,
67492,
67490,
67489,
67488,
67484,
67483,
67480,
67479,
67476,
67474,
67473,
67472,
67471,
67467,
67466,
67465,
67463,
67462,
67461,
67460,
67459,
67458,
67457,
67456,
67455,
67454,
67453,
67452,
67451,
67450,
67449,
67448,
67447,
67446,
67441,
67440,
67438,
67437,
67435,
67434,
67433,
67432,
67431,
67430,
67429,
67428,
67427,
67425,
67424,
67423,
67422,
67421,
67420,
67419,
67418,
67417,
67416,
67414,
67410,
67407,
67402,
67382,
67381,
67380,
67379,
67378,
67375,
67374,
67373,
67372,
67371,
67361,
67360,
67359,
67358,
67357,
67356,
67355,
67354,
67353,
67352,
67351,
67350,
67348,
67346,
67345,
67344,
67342,
67341,
67339,
67338,
67328,
67327,
67326,
67325,
67324,
67321,
67320,
67318,
67314,
67313,
67312,
67310,
67307,
67305,
67302,
67282,
67281,
67279,
67278,
67277,
67275,
67274,
67273,
67272,
67269,
67265,
67264,
67263,
67262,
67261,
67260,
67259,
67258,
67257,
67256,
67255,
67254,
67252,
67250,
67248,
67241,
67236,
67234,
67230,
67228,
67227,
67223,
67219,
67216,
67215,
67214,
67212,
67211,
67210,
67196,
67195,
67194,
67193,
67192,
67191,
67190,
67188,
67187,
67186,
67185,
67184,
67183,
67182,
67181,
67180,
67178,
67177,
67164,
67163,
67162,
67161,
67160,
67159,
67158,
67157,
67156,
67155,
67154,
67153,
67152,
67150,
67149,
67148,
67146,
67145,
67144,
67143,
67142,
67141,
67139,
67138,
67137,
67136,
67135,
67134,
67133,
67129,
67128,
67127,
67126,
67124,
67123,
67120,
67119,
67118,
67117,
67116,
67114,
67112,
67109,
67108,
67107,
67106,
67105,
67104,
67103,
67102,
67101,
67100,
67099,
67098,
67097,
67096,
67095,
67094,
67093,
67092,
67091,
67090,
67087,
67086,
67085,
67084,
67083,
67082,
67081,
67080,
67079,
67078,
67077,
67076,
67075,
67074,
67073,
67072,
67071,
67070,
67069,
67068,
67067,
67066,
67065,
67064,
67063,
67062,
67061,
67060,
67059,
67058,
67057,
67056,
67055,
67054,
67053,
67052,
67050,
67047,
67044,
67043,
67042,
67041,
67040,
67039,
67037,
67036,
67034,
67033,
67031,
67030,
67029,
67028,
67027,
67026,
67024,
67023,
67022,
67020,
67019,
67018,
67017,
67016,
67015,
67014,
67013,
67011,
67010,
67009,
67006,
67003,
67001,
67000,
66999,
66995,
66994,
66993,
66992,
66991,
66990,
66989,
66988,
66987,
66986,
66985,
66984,
66982,
66981,
66975,
66974,
66973,
66972,
66971,
66970,
66969,
66968,
66967,
66966,
66965,
66964,
66963,
66962,
66961,
66960,
66959,
66957,
66956,
66955,
66954,
66953,
66952,
66951,
66950,
66949,
66948,
66947,
66946,
66945,
66944,
66941,
66940,
66939,
66938,
66937,
66936,
66935,
66934,
66933,
66932,
66931,
66930,
66929,
66928,
66927,
66926,
66925,
66924,
66923,
66922,
66918,
66917,
66916,
66915,
66914,
66913,
66912,
66911,
66910,
66909,
66908,
66907,
66906,
66903,
66902,
66901,
66898,
66897,
66896,
66895,
66894,
66892,
66891,
66890,
66889,
66888,
66887,
66886,
66885,
66884,
66883,
66882,
66881,
66880,
66878,
66876,
66875,
66874,
66873,
66872,
66871,
66867,
66866,
66865,
66864,
66863,
66862,
66859,
66857,
66853,
66850,
66849,
66847,
66846,
66845,
66844,
66842,
66841,
66839,
66838,
66837,
66836,
66835,
66834,
66833,
66832,
66831,
66829,
66828,
66827,
66826,
66825,
66824,
66823,
66822,
66821,
66820,
66817,
66816,
66815,
66814,
66813,
66812,
66811,
66810,
66809,
66808,
66807,
66806,
66805,
66804,
66803,
66802,
66801,
66800,
66799,
66798,
66796,
66795,
66794,
66793,
66792,
66791,
66789,
66783,
66782,
66781,
66780,
66777,
66776,
66775,
66774,
66772,
66767,
66764,
66763,
66762,
66761,
66760,
66757,
66756,
66755,
66754,
66753,
66752,
66751,
66750,
66749,
66748,
66747,
66743,
66742,
66741,
66740,
66738,
66737,
66736,
66734,
66732,
66731,
66730,
66729,
66728,
66726,
66725,
66724,
66723,
66722,
66721,
66719,
66718,
66717,
66715,
66714,
66713,
66712,
66709,
66706,
66705,
66704,
66703,
66702,
66701,
66700,
66699,
66697,
66694,
66682,
66674,
66673,
66671,
66668,
66664,
66655,
66653,
66652,
66651,
66650,
66649,
66648,
66647,
66646,
66644,
66635,
66633,
66625,
66620,
66619,
66618,
66617,
66616,
66615,
66614,
66613,
66612,
66611,
66610,
66608,
66607,
66606,
66605,
66604,
66603,
66602,
66601,
66600,
66599,
66598,
66597,
66596,
66595,
66594,
66580,
66579,
66577,
66572,
66571,
66570,
66569,
66568,
66567,
66563,
66562,
66559,
66557,
66556,
66554,
66552,
66551,
66550,
66549,
66548,
66543,
66542,
66541,
66540,
66539,
66538,
66537,
66536,
66535,
66533,
66532,
66531,
66530,
66529,
66528,
66527,
66526,
66525,
66523,
66522,
66521,
66520,
66518,
66516,
66513,
66512,
66508,
66507,
66506,
66505,
66504,
66503,
66502,
66500,
66499,
66498,
66497,
66496,
66495,
66494,
66493,
66492,
66491,
66490,
66489,
66488,
66487,
66486,
66485,
66484,
66483,
66482,
66481,
66480,
66479,
66476,
66475,
66474,
66473,
66472,
66471,
66470,
66469,
66468,
66467,
66466,
66465,
66464,
66463,
66462,
66461,
66460,
66459,
66458,
66456,
66455,
66454,
66453,
66452,
66450,
66449,
66448,
66446,
66445,
66444,
66442,
66441,
66440,
66439,
66436,
66435,
66434,
66433,
66432,
66431,
66430,
66429,
66428,
66426,
66421,
66420,
66419,
66418,
66417,
66416,
66415,
66413,
66412,
66411,
66410,
66398,
66397,
66396,
66395,
66392,
66391,
66389,
66388,
66387,
66386,
66385,
66383,
66382,
66381,
66380,
66378,
66373,
66372,
66371,
66370,
66369,
66368,
66367,
66364,
66363,
66362,
66359,
66357,
66355,
66354,
66353,
66352,
66351,
66349,
66348,
66347,
66346,
66345,
66343,
66342,
66338,
66336,
66335,
66334,
66333,
66332,
66330,
66328,
66325,
66324,
66320,
66319,
66318,
66317,
66315,
66314,
66313,
66312,
66311,
66309,
66308,
66307,
66306,
66305,
66304,
66303,
66302,
66301,
66300,
66299,
66297,
66296,
66295,
66294,
66290,
66287,
66284,
66283,
66281,
66280,
66279,
66277,
66274,
66273,
66272,
66271,
66270,
66269,
66266,
66265,
66264,
66263,
66262,
66261,
66260,
66258,
66255,
66232,
66230,
66229,
66228,
66227,
66225,
66222,
66221,
66220,
66218,
66214,
66213,
66210,
66208,
66196,
66195,
66194,
66193,
66192,
66191,
66189,
66188,
66186,
66184,
66182,
66181,
66180,
66178,
66177,
66176,
66175,
66173,
66169,
66168,
66167,
66166,
66165,
66162,
66159,
66157,
66155,
66154,
66153,
66151,
66150,
66149,
66148,
66147,
66145,
66144,
66143,
66142,
66141,
66135,
66134,
66133,
66130,
66128,
66127,
66126,
66125,
66124,
66123,
66122,
66119,
66117,
66116,
66115,
66114,
66113,
66112,
66111,
66110,
66109,
66108,
66107,
66106,
66103,
66102,
66100,
66099,
66097,
66096,
66095,
66094,
66092,
66091,
66088,
66084,
66083,
66082,
66081,
66080,
66079,
66078,
66077,
66055,
66046,
66043,
66041,
66040,
66039,
66037,
66035,
66034,
66033,
66032,
66028,
66015,
66014,
66013,
66012,
66011,
66010,
66008,
66007,
66006,
66005,
66004,
66003,
66002,
66001,
66000,
65998,
65997,
65996,
65995,
65994,
65993,
65992,
65991,
65989,
65988,
65987,
65986,
65979,
65977,
65973,
65971,
65970,
65969,
65968,
65967,
65964,
65961,
65960,
65959,
65958,
65957,
65956,
65955,
65954,
65953,
65952,
65951,
65950,
65948,
65947,
65944,
65943,
65941,
65940,
65926,
65925,
65923,
65916,
65914,
65909,
65907,
65906,
65905,
65904,
65903,
65901,
65900,
65895,
65880,
65879,
65878,
65877,
65876,
65874,
65873,
65872,
65871,
65870,
65869,
65868,
65867,
65844,
65843,
65842,
65839,
65838,
65837,
65828,
65827,
65687,
65686,
65685,
65684,
65683,
65682,
65681,
65679,
65676,
65673,
65671,
65668,
65659,
65658,
65657,
65656,
65655,
65653,
65650,
65648,
65646,
65644,
65643,
65642,
65641,
65640,
65637,
65636,
65634,
65633,
65632,
65631,
65630,
65629,
65627,
65622,
65621,
65620,
65619,
65616,
65615,
65614,
65613,
65612,
65611,
65610,
65608,
65604,
65595,
65591,
65590,
65589,
65588,
65586,
65584,
65578,
65577,
65576,
65574,
65566,
65565,
65564,
65563,
65560,
65559,
65557,
65556,
65555,
65554,
65553,
65552,
65551,
65549,
65547,
65536,
65535,
65530,
65528,
65527,
65526,
65525,
65524,
65523,
65522,
65521,
65520,
65519,
65518,
65517,
65516,
65515,
65514,
65513,
65512,
65510,
65509,
65508,
65507,
65506,
65505,
65504,
65503,
65502,
65501,
65499,
65498,
65497,
65495,
65492,
65491,
65490,
65489,
65488,
65487,
65485,
65483,
65482,
65481,
65479,
65477,
65476,
65475,
65474,
65473,
65472,
65470,
65469,
65468,
65466,
65465,
65464,
65462,
65459,
65457,
65456,
65455,
65454,
65453,
65452,
65451,
65450,
65448,
65446,
65445,
65444,
65443,
65442,
65441,
65440,
65439,
65438,
65437,
65436,
65435,
65434,
65433,
65432,
65431,
65430,
65429,
65428,
65427,
65426,
65424,
65423,
65420,
65419,
65418,
65417,
65416,
65415,
65414,
65413,
65412,
65411,
65410,
65409,
65408,
65407,
65406,
65405,
65404,
65403,
65400,
65399,
65396,
65394,
65391,
65390,
65388,
65387,
65385,
65382,
65381,
65379,
65378,
65377,
65376,
65375,
65374,
65371,
65370,
65369,
65365,
65363,
65362,
65361,
65360,
65359,
65350,
65349,
65346,
65345,
65344,
65343,
65342,
65341,
65339,
65337,
65336,
65335,
65334,
65332,
65331,
65330,
65329,
65328,
65327,
65326,
65325,
65324,
65322,
65321,
65320,
65318,
65316,
65313,
65312,
65311,
65310,
65309,
65307,
65306,
65305,
65304,
65303,
65299,
65297,